

 #time =    0.0000000000000000     
-2.000000000000000E+001 -1.797693134862316E+308  0.000000000000000E+000  1.797693134862316E+308
-1.997455550888572E+001 -1.570049518315923E+004  0.000000000000000E+000  1.568052062765034E+004
-1.991560115901749E+001 -4.719401576414031E+003  0.000000000000000E+000  4.699485975255014E+003
-1.982545980618585E+001 -2.271735738679936E+003  0.000000000000000E+000  2.251910278873750E+003
-1.970739682745635E+001 -1.347039176379104E+003  2.295593092576111E-293  1.327331779551648E+003
-1.956568066673869E+001 -9.009813345904165E+002  1.663889796572724E-196  8.814156539236778E+002
-1.940543371052743E+001 -6.527586735166659E+002  1.324312725830216E-142  6.333532398061385E+002
-1.923244785760501E+001 -5.011180344475566E+002  1.122889297170401E-109  4.818855865899516E+002
-1.905297534656135E+001 -4.022114528803000E+002  3.369987125012633E-088  3.831584775337387E+002
-1.887350283551769E+001 -3.344166959457841E+002  1.774486341954685E-073  3.155431931102664E+002
-1.870051698259528E+001 -2.861066772049725E+002  5.488579268526502E-063  2.674061602223772E+002
-1.854027002638402E+001 -2.507791178277469E+002  2.574791040130485E-055  2.322388478013629E+002
-1.839855386566636E+001 -2.247466385946815E+002  1.157771966834404E-049  2.063480847290151E+002
-1.828049088693685E+001 -2.058706339104340E+002  1.453768877392351E-045  1.875901430234971E+002
-1.819034953410521E+001 -1.928618461817854E+002  9.712202537073529E-043  1.746714966476802E+002
-1.813139518423699E+001 -1.849269784681086E+002  5.132776594544428E-041  1.667955832838716E+002
-1.810595069312271E+001 -1.816314246555517E+002  2.666691518873723E-040  1.635254739624289E+002
-1.810595069312271E+001 -1.816314246555517E+002  2.666691518873723E-040  1.635254739624289E+002
-1.808050620200843E+001 -1.784100857676317E+002  1.334988828312416E-039  1.603295795656232E+002
-1.802155185214020E+001 -1.712189281350177E+002  4.864269970002743E-038  1.531973762828775E+002
-1.793141049930856E+001 -1.609119334796256E+002  8.416918509553836E-036  1.429805229803170E+002
-1.781334752057906E+001 -1.485560642565322E+002  4.056916170560064E-033  1.307427167359531E+002
-1.767163135986139E+001 -1.352513751912966E+002  3.142480243952579E-030  1.175797438314352E+002
-1.751138440365013E+001 -1.219725934100397E+002  2.402831867071124E-027  1.044612090063895E+002
-1.733839855072772E+001 -1.094714170690439E+002  1.245430032484296E-024  9.213301851831616E+001
-1.715892603968406E+001 -9.824049513143689E+001  3.420448424350830E-022  8.108156909175283E+001
-1.697945352864041E+001 -8.853116380181362E+001  4.389727444103447E-020  7.155171027317321E+001
-1.680646767571799E+001 -8.040720365471002E+001  2.549958353555020E-018  6.360073597899202E+001
-1.664622071950673E+001 -7.381130940822176E+001  6.899431779035963E-017  5.716508868871503E+001
-1.650450455878907E+001 -6.862510682350272E+001  9.225351172791510E-016  5.212060226471365E+001
-1.638644158005956E+001 -6.471341333765911E+001  6.522233682711000E-015  4.832697175759954E+001
-1.629630022722792E+001 -6.195212000796950E+001  2.594200764166829E-014  4.565581978074157E+001
-1.623734587735970E+001 -6.024357278435870E+001  6.095507901444131E-014  4.400622690699900E+001
-1.621190138624542E+001 -5.952875439742207E+001  8.714264526811190E-014  4.331685301117665E+001
-1.621190138624542E+001 -5.952875439742207E+001  8.714264526811190E-014  4.331685301117665E+001
-1.618645689513114E+001 -5.882711507155158E+001  1.237627021347911E-013  4.264065817642044E+001
-1.612750254526291E+001 -5.725045460193407E+001  2.722433334115828E-013  4.112295205667115E+001
-1.603736119243127E+001 -5.496551657516805E+001  8.533461667786807E-013  3.892815538273678E+001
-1.591929821370177E+001 -5.218551875817882E+001  3.426053163351860E-012  3.626622054447706E+001
-1.577758205298410E+001 -4.913624500172354E+001  1.573749049846186E-011  3.335866294873944E+001
-1.561733509677284E+001 -4.602319256410288E+001  7.463219738257717E-011  3.040585746733004E+001
-1.544434924385043E+001 -4.301118737154007E+001  3.364920793763367E-010  2.756683812768964E+001
-1.526487673280677E+001 -4.021751652151787E+001  1.360231296260446E-009  2.495263978871110E+001
-1.508540422176312E+001 -3.771535095222504E+001  4.752817209720487E-009  2.262994673046193E+001
-1.491241836884070E+001 -3.554274643098138E+001  1.408400554460228E-008  2.063032806214068E+001
-1.475217141262944E+001 -3.371315945813846E+001  3.515733490414962E-008  1.896098804550902E+001
-1.461045525191178E+001 -3.222495454736680E+001  7.399042602752864E-008  1.761449929545502E+001
-1.449239227318227E+001 -3.106883726205344E+001  1.318934395639496E-007  1.657644498887117E+001
-1.440225092035063E+001 -3.023311054518004E+001  2.003082930103835E-007  1.583085962482940E+001
-1.434329657048241E+001 -2.970714023171378E+001  2.605625040979188E-007  1.536384366123137E+001
-1.431785207936813E+001 -2.948496177217202E+001  2.911771910544149E-007  1.516710969280389E+001
-1.431785207936813E+001 -2.948496177217202E+001  2.911771910544149E-007  1.516710969280389E+001
-1.429240758825384E+001 -2.926561932032964E+001  3.249278620852096E-007  1.497321173207579E+001
-1.423345323838562E+001 -2.876802610291662E+001  4.167138426966955E-007  1.453457286453100E+001
-1.414331188555398E+001 -2.803473798974404E+001  6.012697817988244E-007  1.389142610419006E+001
-1.402524890682447E+001 -2.712164701645844E+001  9.491710594565953E-007  1.309639810963396E+001
-1.388353274610681E+001 -2.609107613508517E+001  1.589022228542909E-006  1.220754338897835E+001
-1.372328578989555E+001 -2.500405090246586E+001  2.736366427870851E-006  1.128076511257030E+001
-1.355029993697314E+001 -2.391467059214998E+001  4.717693824081336E-006  1.036437065517684E+001
-1.337082742592948E+001 -2.286709900665714E+001  7.965376826255298E-006  9.496271580727660E+000
-1.319135491488582E+001 -2.189486808198442E+001  1.295157266060672E-005  8.703513167098592E+000
-1.301836906196341E+001 -2.102177690707649E+001  2.004058093753620E-005  8.003407845113077E+000
-1.285812210575215E+001 -2.026362225161604E+001  2.927787097306039E-005  7.405500145863888E+000
-1.271640594503449E+001 -1.963016166794900E+001  4.018753250308556E-005  6.913755722914514E+000
-1.259834296630498E+001 -1.912693623917123E+001  5.168480217692335E-005  6.528593272866242E+000
-1.250820161347334E+001 -1.875677557835250E+001  6.219277608948523E-005  6.248573964879153E+000
-1.244924726360512E+001 -1.852095047016049E+001  6.997566338089279E-005  6.071703206555373E+000
-1.242380277249084E+001 -1.842065286928348E+001  7.357420706143929E-005  5.996850096792638E+000
-1.242380277249084E+001 -1.842065286928348E+001  7.357420706143929E-005  5.996850096792638E+000
-1.239835828137656E+001 -1.832123241410899E+001  7.732388273583883E-005  5.922874132732439E+000
-1.233940393150833E+001 -1.809418272759848E+001  8.661933556397803E-005  5.754778796090143E+000
-1.224926257867669E+001 -1.775568087729637E+001  1.025926203324857E-004  5.506418298619678E+000
-1.213119959994719E+001 -1.732744073588026E+001  1.270872459980691E-004  5.196241135933070E+000
-1.198948343922952E+001 -1.683471945488782E+001  1.625875648574708E-004  4.845236015658298E+000
-1.182923648301826E+001 -1.630366612188549E+001  2.120280682994903E-004  4.474429638867230E+000
-1.165625063009585E+001 -1.575913494908807E+001  2.783699763270884E-004  4.102884318992222E+000
-1.147677811905219E+001 -1.522321131906013E+001  3.638967343792742E-004  3.746433200007937E+000
-1.129730560800853E+001 -1.471446606016552E+001  4.692755256474693E-004  3.417160452156985E+000
-1.112431975508612E+001 -1.424780499595434E+001  5.925640441291106E-004  3.123485240868220E+000
-1.096407279887486E+001 -1.383472058318034E+001  7.284603642067866E-004  2.870647784305477E+000
-1.082235663815720E+001 -1.348375882477400E+001  8.681324193916241E-004  2.661402186616806E+000
-1.070429365942769E+001 -1.320105576511735E+001  9.998746475169283E-004  2.496762105689658E+000
-1.061415230659605E+001 -1.299084782044778E+001  1.110625351752248E-003  2.376695513851732E+000
-1.055519795672783E+001 -1.285590999657448E+001  1.188097647503718E-003  2.300712039846655E+000
-1.052975346561355E+001 -1.279827759516286E+001  1.222810938553540E-003  2.268524129549316E+000
-1.052975346561355E+001 -1.279827759516286E+001  1.222810938553540E-003  2.268524129549316E+000
-1.050430897449926E+001 -1.274100525721380E+001  1.258311414861112E-003  2.236696282714538E+000
-1.044535462463104E+001 -1.260966938847466E+001  1.343658256293239E-003  2.164314763843617E+000
-1.035521327179940E+001 -1.241245146756300E+001  1.482804642868643E-003  2.057238195763599E+000
-1.023715029306989E+001 -1.216048695168545E+001  1.681721755074808E-003  1.923336658615556E+000
-1.009543413235223E+001 -1.186710887754536E+001  1.947164941072583E-003  1.771674745193124E+000
-9.935187176140969E+000 -1.154664500435218E+001  2.285163043989183E-003  1.611457828211215E+000
-9.762201323218559E+000 -1.121333910613417E+001  2.699005585980710E-003  1.451137782915612E+000
-9.582728812174899E+000 -1.088052387248939E+001  3.186894959430003E-003  1.297795060314488E+000
-9.403256301131242E+000 -1.056008640581554E+001  3.739640322969719E-003  1.156830104684301E+000
-9.230270448208831E+000 -1.026220373268196E+001  4.338944522437273E-003  1.031933284473128E+000
-9.070023491997569E+000 -9.995289000465663E+000  4.956894877184008E-003  9.252655084680939E-001
-8.928307331279907E+000 -9.766077049250097E+000  5.557149850382284E-003  8.377697179701897E-001
-8.810244352550400E+000 -9.579783303236782E+000  6.098005832382670E-003  7.695389506863819E-001
-8.720102999718760E+000 -9.440284489636458E+000  6.537087116141017E-003  7.201814899176977E-001
-8.661148649850537E+000 -9.350291403083817E+000  6.836926542281284E-003  6.891427532332806E-001
-8.635704158736255E+000 -9.311747993521122E+000  6.969501573760927E-003  6.760438347848670E-001
-8.635704158736255E+000 -9.311747993521122E+000  6.969501573760927E-003  6.760438347848670E-001
-8.610259667621973E+000 -9.273381540770922E+000  7.104011917028519E-003  6.631218731489490E-001
-8.551305317753750E+000 -9.185158571657940E+000  7.423209929956711E-003  6.338532539041903E-001
-8.461163964922109E+000 -9.052041972016280E+000  7.932081083970952E-003  5.908780070941706E-001
-8.343100986192603E+000 -8.880841210057030E+000  8.637929301062587E-003  5.377402238644269E-001
-8.201384825474941E+000 -8.679868148959491E+000  9.546695154542279E-003  4.784833234845500E-001
-8.041137869263679E+000 -8.458277970807774E+000  1.065931138313982E-002  4.171401015440956E-001
-7.868152016341267E+000 -8.225446476713939E+000  1.196750986086686E-002  3.572944603726720E-001
-7.688679505297610E+000 -7.990458035148616E+000  1.344959032939697E-002  3.017785298510063E-001
-7.509206994253952E+000 -7.761737603722956E+000  1.506689884709944E-002  2.525306094690043E-001
-7.336221141331539E+000 -7.546826465396057E+000  1.676189705880519E-002  2.106053240645176E-001
-7.175974185120277E+000 -7.352276834701101E+000  1.845867966405756E-002  1.763026495808235E-001
-7.034258024402616E+000 -7.183627512321676E+000  2.006657341760061E-002  1.493694879190599E-001
-6.916195045673111E+000 -7.045421134108802E+000  2.148700619459113E-002  1.292260884356917E-001
-6.826053692841469E+000 -6.941231549046545E+000  2.262318113321308E-002  1.151778562050758E-001
-6.767099342973246E+000 -6.873687052072432E+000  2.339127977262863E-002  1.065877090991858E-001
-6.741654851858964E+000 -6.844677006738944E+000  2.372903581786238E-002  1.030221548799801E-001
-6.741654851858964E+000 -6.844677006738944E+000  2.372903581786238E-002  1.030221548799801E-001
-6.716210360744682E+000 -6.815750982814727E+000  2.407061163899321E-002  9.954062207004455E-002
-6.657256010876459E+000 -6.749046909440741E+000  2.487692193685881E-002  9.179089856428213E-002
-6.567114658044818E+000 -6.647886724499955E+000  2.615090104666578E-002  8.077206645513701E-002
-6.449051679315312E+000 -6.516839626386059E+000  2.789741243143647E-002  6.778794707074631E-002
-6.307335518597651E+000 -6.361567316084977E+000  3.011612489327101E-002  5.423179748732565E-002
-6.147088562386389E+000 -6.188440146046297E+000  3.279528464384114E-002  4.135158365990765E-002
-5.974102709463977E+000 -6.004173969620881E+000  3.590452077139562E-002  3.007126015690442E-002
-5.794630198420319E+000 -5.815532865391537E+000  3.938725934663934E-002  2.090266697121823E-002
-5.615157687376661E+000 -5.629113818012185E+000  4.315372278081942E-002  1.395613063552403E-002
-5.442171834454249E+000 -5.451202774029730E+000  4.707598875515604E-002  9.030939575481511E-003
-5.281924878242987E+000 -5.287672190068984E+000  5.098710770428434E-002  5.747311825997414E-003
-5.140208717525326E+000 -5.143884776252639E+000  5.468649697538326E-002  3.676058727313247E-003
-5.022145738795820E+000 -5.024578494762507E+000  5.795324640206490E-002  2.432755966687239E-003
-4.932004385964179E+000 -4.933728611405908E+000  6.056726239765383E-002  1.724225441728677E-003
-4.873050036095956E+000 -4.874405538966701E+000  6.233555157217346E-002  1.355502870745262E-003
-4.847605544981674E+000 -4.848822327340150E+000  6.311349101168706E-002  1.216782358476109E-003
-4.847605544981674E+000 -4.848822327340150E+000  6.311349101168706E-002  1.216782358476109E-003
-4.822161053867392E+000 -4.823250447523752E+000  6.390048759708372E-002  1.089393656360294E-003
-4.763206703999169E+000 -4.764040886512628E+000  6.575938024232156E-002  8.341825134596803E-004
-4.673065351167527E+000 -4.673602654699979E+000  6.870012838471723E-002  5.373035324520714E-004
-4.555002372438022E+000 -4.555284622893767E+000  7.273990935572335E-002  2.822504557453698E-004
-4.413286211720361E+000 -4.413401202458010E+000  7.788694752116573E-002  1.149907376492010E-004
-4.253039255509099E+000 -4.253072783967604E+000  8.412498220672530E-002  3.352845850557173E-005
-4.080053402586686E+000 -4.080059545876106E+000  9.139363779840885E-002  6.143289420279530E-006
-3.900580891543028E+000 -3.900581460590996E+000  9.956675765710805E-002  5.690479678577276E-007
-3.721108380499371E+000 -3.721108398687044E+000  1.084329269181840E-001  1.818767314532010E-008
-3.548122527576958E+000 -3.548122527674944E+000  1.176835698183682E-001  9.798561961815722E-011
-3.387875571365696E+000 -3.387875571365717E+000  1.269137591862269E-001  2.042810365310288E-014
-3.246159410648035E+000 -3.246159410648035E+000  1.356398014548189E-001  0.000000000000000E+000
-3.128096431918530E+000 -3.128096431918530E+000  1.433352936772765E-001  0.000000000000000E+000
-3.037955079086888E+000 -3.037955079086888E+000  1.494831037603767E-001  0.000000000000000E+000
-2.979000729218665E+000 -2.979000729218665E+000  1.536357041875247E-001  0.000000000000000E+000
-2.953556238104383E+000 -2.953556238104383E+000  1.554608477004437E-001  0.000000000000000E+000
-2.953556238104383E+000 -2.953556238104383E+000  1.554608477004437E-001  0.000000000000000E+000
-2.928111746990101E+000 -2.924056201151876E+000  1.576020717692753E-001  0.000000000000000E+000
-2.869157397121878E+000 -2.855735173823914E+000  1.626664293026271E-001  0.000000000000000E+000
-2.779016044290237E+000 -2.751353008630697E+000  1.706950184023285E-001  0.000000000000000E+000
-2.660953065560731E+000 -2.614785967981495E+000  1.817503930548441E-001  0.000000000000000E+000
-2.519236904843069E+000 -2.451080073433755E+000  1.958657628906462E-001  0.000000000000000E+000
-2.358989948631807E+000 -2.266259143929574E+000  2.129962890105595E-001  0.000000000000000E+000
-2.186004095709395E+000 -2.067092625636414E+000  2.329619575564991E-001  0.000000000000000E+000
-2.006531584665737E+000 -1.860838312752204E+000  2.553892106601522E-001  0.000000000000000E+000
-1.827059073622079E+000 -1.654971595644984E+000  2.796629643874287E-001  0.000000000000000E+000
-1.654073220699667E+000 -1.456912335651751E+000  3.049032906236228E-001  0.000000000000000E+000
-1.493826264488405E+000 -1.273759694926494E+000  3.299801601806502E-001  0.000000000000000E+000
-1.352110103770743E+000 -1.112044109706860E+000  3.535741820891606E-001  0.000000000000000E+000
-1.234047125041237E+000 -9.775042487201661E-001  3.742819404737018E-001  0.000000000000000E+000
-1.143905772209596E+000 -8.748956777958043E-001  3.907538086631226E-001  0.000000000000000E+000
-1.084951422341373E+000 -8.078403890022583E-001  4.018427657611547E-001  0.000000000000000E+000
-1.059506931227091E+000 -7.789124816158417E-001  4.067068966683580E-001  0.000000000000000E+000
-1.059506931227091E+000 -7.789124816158417E-001  4.067068966683580E-001  0.000000000000000E+000
-1.034062440112809E+000 -7.499923648256704E-001  4.116185264997848E-001  0.000000000000000E+000
-9.751080902445861E-001 -6.830150002965587E-001  4.231825633281786E-001  0.000000000000000E+000
-8.849667374129448E-001 -5.806872989844425E-001  4.413664869787738E-001  0.000000000000000E+000
-7.669037586834389E-001 -4.468111001950001E-001  4.661176554330215E-001  0.000000000000000E+000
-6.251875979657778E-001 -2.863351409035721E-001  4.972567586767923E-001  0.000000000000000E+000
-4.649406417545160E-001 -1.051664927691551E-001  5.343892846457782E-001  0.000000000000000E+000
-2.919547888321042E-001  9.005740456696171E-002  5.768159270202984E-001  0.000000000000000E+000
-1.124822777884462E-001  2.922212553047008E-001  6.234592766482293E-001  0.000000000000000E+000
 6.699023325521125E-002  4.939975102654505E-001  6.728267362008593E-001  0.000000000000000E+000
 2.399760861776232E-001  6.881141493016392E-001  7.230267176601760E-001  0.000000000000000E+000
 4.002230423888851E-001  8.676145086571329E-001  7.718469276094081E-001  0.000000000000000E+000
 5.419392031065460E-001  1.026100158620455E+000  8.168917933319164E-001  0.000000000000000E+000
 6.600021818360520E-001  1.157949177747389E+000  8.557642464547155E-001  0.000000000000000E+000
 7.501435346676930E-001  1.258503284790650E+000  8.862684384876677E-001  0.000000000000000E+000
 8.090978845359160E-001  1.324214910785345E+000  9.066053501723091E-001  0.000000000000000E+000
 8.345423756501980E-001  1.352562898009426E+000  9.154771052745572E-001  0.000000000000000E+000
 8.345423756501980E-001  1.352562898009426E+000  9.154771052745572E-001  0.000000000000000E+000
 8.599868667644798E-001  1.380903094637263E+000  9.244057710073105E-001  0.000000000000000E+000
 9.189412166327029E-001  1.446536796367523E+000  9.453118883028216E-001  0.000000000000000E+000
 1.009082569464344E+000  1.546810033798540E+000  9.778672019358112E-001  0.000000000000000E+000
 1.127145548193850E+000  1.677995390728221E+000  1.021582993839999E+000  0.000000000000000E+000
 1.268861708911512E+000  1.835241414763339E+000  1.075662421040076E+000  0.000000000000000E+000
 1.429108665122774E+000  2.012757781527994E+000  1.138909569431238E+000  0.000000000000000E+000
 1.602094518045186E+000  2.204039057907067E+000  1.209658025993044E+000  0.000000000000000E+000
 1.781567029088844E+000  2.402112446498337E+000  1.285739198386380E+000  0.000000000000000E+000
 1.961039540132502E+000  2.599798239312615E+000  1.364506682835539E+000  0.000000000000000E+000
 2.134025393054914E+000  2.789972257391761E+000  1.442923747622106E+000  0.000000000000000E+000
 2.294272349266176E+000  2.965820335377493E+000  1.517709765610626E+000  0.000000000000000E+000
 2.435988509983838E+000  3.121076050084505E+000  1.585531299464312E+000  0.000000000000000E+000
 2.554051488713344E+000  3.250234227351678E+000  1.643216899356274E+000  0.000000000000000E+000
 2.644192841544985E+000  3.348733870513839E+000  1.687972281445302E+000  0.000000000000000E+000
 2.703147191413208E+000  3.413101833709684E+000  1.717572398978814E+000  0.000000000000000E+000
 2.728591682527490E+000  3.440869900771429E+000  1.730427400858320E+000  0.000000000000000E+000
 2.728591682527490E+000  3.440869900771429E+000  1.730427400858320E+000  0.000000000000000E+000
 2.754036173641772E+000  3.468630177236931E+000  1.743330178665011E+000  0.000000000000000E+000
 2.812990523509995E+000  3.532920216168340E+000  1.773408159398577E+000  0.000000000000000E+000
 2.903131876341636E+000  3.631138989718257E+000  1.819885822441299E+000  0.000000000000000E+000
 3.021194855071142E+000  3.759633504788178E+000  1.881640189979332E+000  0.000000000000000E+000
 3.162911015788803E+000  3.913649593566983E+000  1.957058645091591E+000  0.000000000000000E+000
 3.323157972000065E+000  4.087513678961876E+000  2.043995297083598E+000  0.000000000000000E+000
 3.496143824922477E+000  4.274852334383905E+000  2.139759663552429E+000  0.000000000000000E+000
 3.675616335966135E+000  4.468835260828704E+000  2.241150722882739E+000  0.000000000000000E+000
 3.855088847009792E+000  4.662430591496512E+000  2.344543513890786E+000  0.000000000000000E+000
 4.028074699932205E+000  4.848661988618614E+000  2.446026559030247E+000  0.000000000000000E+000
 4.188321656143466E+000  5.020857785234582E+000  2.541580154785333E+000  0.000000000000000E+000
 4.330037816861127E+000  5.172883564685281E+000  2.627279855125447E+000  0.000000000000000E+000
 4.448100795590634E+000  5.299350900092694E+000  2.699506961927971E+000  0.000000000000000E+000
 4.538242148422274E+000  5.395796079373756E+000  2.755148067879025E+000  0.000000000000000E+000
 4.597196498290497E+000  5.458820379770750E+000  2.791765999936815E+000  0.000000000000000E+000
 4.622640989404779E+000  5.486008526670159E+000  2.807625015952622E+000  0.000000000000000E+000
 4.622640989404779E+000  5.486008526670159E+000  2.807625015952622E+000  0.000000000000000E+000
 4.648085480519061E+000  5.513188882973325E+000  2.823516825605699E+000  0.000000000000000E+000
 4.707039830387284E+000  5.576135259105885E+000  2.860462776683514E+000  0.000000000000000E+000
 4.797181183218926E+000  5.672299568774702E+000  2.917286276381848E+000  0.000000000000000E+000
 4.915244161948431E+000  5.798103241984862E+000  2.992307766913776E+000  0.000000000000000E+000
 5.056960322666093E+000  5.948889395507356E+000  3.083228944037032E+000  0.000000000000000E+000
 5.217207278877355E+000  6.119101199532487E+000  3.187144691055330E+000  0.000000000000000E+000
 5.390193131799768E+000  6.302497233997473E+000  3.300589448536688E+000  0.000000000000000E+000
 5.569665642843425E+000  6.492389698295802E+000  3.419623275895282E+000  0.000000000000000E+000
 5.749138153887083E+000  6.681894566817139E+000  3.539958768445107E+000  0.000000000000000E+000
 5.922124006809495E+000  6.864183342982197E+000  3.657123749022371E+000  0.000000000000000E+000
 6.082370963020757E+000  7.032726858228404E+000  3.766649474077282E+000  0.000000000000000E+000
 6.224087123738419E+000  7.181522702422793E+000  3.864270977997361E+000  0.000000000000000E+000
 6.342150102467925E+000  7.305299195970447E+000  3.946125257227021E+000  0.000000000000000E+000
 6.432291455299566E+000  7.399689911370407E+000  4.008933687339265E+000  0.000000000000000E+000
 6.491245805167789E+000  7.461370548968549E+000  4.050154736315791E+000  0.000000000000000E+000
 6.516690296282071E+000  7.487978775705625E+000  4.067980008928904E+000  0.000000000000000E+000
 6.516690296282071E+000  7.487978775705625E+000  4.067980008928904E+000  0.000000000000000E+000
 6.542134787396353E+000  7.514579211846456E+000  4.085825832734340E+000  0.000000000000000E+000
 6.601089137264577E+000  7.576181925180163E+000  4.127252448529902E+000  0.000000000000000E+000
 6.691230490096218E+000  7.670291770967880E+000  4.190801921896653E+000  0.000000000000000E+000
 6.809293468825723E+000  7.793404602318282E+000  4.274407820766806E+000  0.000000000000000E+000
 6.951009629543385E+000  7.940960820584465E+000  4.375303434143823E+000  0.000000000000000E+000
 7.111256585754647E+000  8.107520343239830E+000  4.490075618196652E+000  0.000000000000000E+000
 7.284242438677058E+000  8.286973756747772E+000  4.614751902656725E+000  0.000000000000000E+000
 7.463714949720716E+000  8.472775758899630E+000  4.744920686516091E+000  0.000000000000000E+000
 7.643187460764373E+000  8.658190165274499E+000  4.875882357450363E+000  0.000000000000000E+000
 7.816173313686786E+000  8.836536320482512E+000  5.002825125619561E+000  0.000000000000000E+000
 7.976420269898047E+000  9.001427554358953E+000  5.121016145085475E+000  0.000000000000000E+000
 8.118136430615708E+000  9.146993463297031E+000  5.225996738429584E+000  0.000000000000000E+000
 8.236199409345215E+000  9.268079114984925E+000  5.313770252180756E+000  0.000000000000000E+000
 8.326340762176855E+000  9.360415366503787E+000  5.380971762060943E+000  0.000000000000000E+000
 8.385295112045078E+000  9.420752341303077E+000  5.425007966582965E+000  0.000000000000000E+000
 8.410739603159360E+000  9.446780647877818E+000  5.444034254972332E+000  0.000000000000000E+000
 8.410739603159360E+000  9.446780647877818E+000  5.444034254972332E+000  0.000000000000000E+000
 8.436184094273642E+000  9.472801163856312E+000  5.463072722629007E+000  0.000000000000000E+000
 8.495138444141865E+000  9.533060214391170E+000  5.507230753134461E+000  0.000000000000000E+000
 8.585279796973506E+000  9.625115596297785E+000  5.574871442529128E+000  0.000000000000000E+000
 8.703342775703012E+000  9.745537585788428E+000  5.663683127324484E+000  0.000000000000000E+000
 8.845058936420674E+000  9.889863868798299E+000  5.770604535490494E+000  0.000000000000000E+000
 9.005305892631936E+000  1.005277111008390E+001  5.891906285138930E+000  0.000000000000000E+000
 9.178291745554349E+000  1.022828190263480E+001  6.023304279125041E+000  0.000000000000000E+000
 9.357764256598006E+000  1.040999344264019E+001  6.160101344787957E+000  0.000000000000000E+000
 9.537236767641664E+000  1.059131738686859E+001  6.297352981205621E+000  0.000000000000000E+000
 9.710222620564076E+000  1.076572092111956E+001  6.430050498612967E+000  0.000000000000000E+000
 9.870469576775339E+000  1.092695987362624E+001  6.553312837684311E+000  0.000000000000000E+000
 1.001218573749300E+001  1.106929584730801E+001  6.662577396198504E+000  0.000000000000000E+000
 1.013024871622251E+001  1.118769065713614E+001  6.753780248408731E+000  0.000000000000000E+000
 1.022039006905415E+001  1.127797244477390E+001  6.823516806456274E+000  0.000000000000000E+000
 1.027934441892237E+001  1.133696575677434E+001  6.869172749706415E+000  0.000000000000000E+000
 1.030478891003665E+001  1.136241414318675E+001  6.888888888888892E+000  0.000000000000000E+000
 1.030478891003665E+001  1.136241414318675E+001  6.888888888888892E+000  0.000000000000000E+000
 1.033023340115093E+001  1.138785473900290E+001  6.908611690987819E+000  0.000000000000000E+000
 1.038918775101916E+001  1.144677012673891E+001  6.954334282055974E+000  0.000000000000000E+000
 1.047932910385080E+001  1.153677104476443E+001  7.024311110255707E+000  0.000000000000000E+000
 1.059739208258030E+001  1.165450219239531E+001  7.116081974540786E+000  0.000000000000000E+000
 1.073910824329796E+001  1.179559854014887E+001  7.226408558803269E+000  0.000000000000000E+000
 1.089935519950923E+001  1.195485350006471E+001  7.351373522133297E+000  0.000000000000000E+000
 1.107234105243164E+001  1.212642167165856E+001  7.486510445183999E+000  0.000000000000000E+000
 1.125181356347530E+001  1.230404274951748E+001  7.626958758823565E+000  0.000000000000000E+000
 1.143128607451895E+001  1.248127623159941E+001  7.767638267039662E+000  0.000000000000000E+000
 1.160427192744137E+001  1.265173714489334E+001  7.903436241621304E+000  0.000000000000000E+000
 1.176451888365263E+001  1.280932381603025E+001  8.029398852293641E+000  0.000000000000000E+000
 1.190623504437029E+001  1.294842985445570E+001  8.140918253227632E+000  0.000000000000000E+000
 1.202429802309980E+001  1.306413382242408E+001  8.233906940654936E+000  0.000000000000000E+000
 1.211443937593144E+001  1.315236114618074E+001  8.304951661921315E+000  0.000000000000000E+000
 1.217339372579966E+001  1.321001079538233E+001  8.351437739643798E+000  0.000000000000000E+000
 1.219883821691394E+001  1.323487926163240E+001  8.371506023802468E+000  0.000000000000000E+000
 1.219883821691394E+001  1.323487926163240E+001  8.371506023802468E+000  0.000000000000000E+000
 1.222428270802822E+001  1.325973993728622E+001  8.391577298024878E+000  0.000000000000000E+000
 1.228323705789645E+001  1.331731166222338E+001  8.438093285300287E+000  0.000000000000000E+000
 1.237337841072809E+001  1.340525811636780E+001  8.509245840861706E+000  0.000000000000000E+000
 1.249144138945759E+001  1.352029842213892E+001  8.602489505705623E+000  0.000000000000000E+000
 1.263315755017526E+001  1.365816483463616E+001  8.714485836385247E+000  0.000000000000000E+000
 1.279340450638652E+001  1.381376751318224E+001  8.841213575300177E+000  0.000000000000000E+000
 1.296639035930893E+001  1.398139306381905E+001  8.978108887786751E+000  0.000000000000000E+000
 1.314586287035259E+001  1.415492367953150E+001  9.120228355209115E+000  0.000000000000000E+000
 1.332533538139625E+001  1.432806669946696E+001  9.262428514802311E+000  0.000000000000000E+000
 1.349832123431866E+001  1.449458499180384E+001  9.399554717560438E+000  0.000000000000000E+000
 1.365856819052992E+001  1.464851938157100E+001  9.526631382491857E+000  0.000000000000000E+000
 1.380028435124758E+001  1.478439548474014E+001  9.639045638688826E+000  0.000000000000000E+000
 1.391834732997709E+001  1.489740861084875E+001  9.732716816342144E+000  0.000000000000000E+000
 1.400848868280873E+001  1.498358147072432E+001  9.804244934830857E+000  0.000000000000000E+000
 1.406744303267695E+001  1.503988745712705E+001  9.851029818588000E+000  0.000000000000000E+000
 1.409288752379123E+001  1.506417600321479E+001  9.871222876198068E+000  0.000000000000000E+000
 1.409288752379123E+001  1.506417600321479E+001  9.871222876198068E+000  0.000000000000000E+000
 1.411833201490552E+001  1.508845675870628E+001  9.891416415245015E+000  0.000000000000000E+000
 1.417728636477374E+001  1.514468482084458E+001  9.938206115713644E+000  0.000000000000000E+000
 1.426742771760538E+001  1.523057681110790E+001  1.000975161380138E+001  0.000000000000000E+000
 1.438549069633489E+001  1.534292627501926E+001  1.010346397116111E+001  0.000000000000000E+000
 1.452720685705255E+001  1.547756275226020E+001  1.021595557339456E+001  0.000000000000000E+000
 1.468745381326381E+001  1.562951314943651E+001  1.034315719046885E+001  0.000000000000000E+000
 1.486043966618622E+001  1.579319607911628E+001  1.048046444909156E+001  0.000000000000000E+000
 1.503991217722988E+001  1.596263623268226E+001  1.062290546791125E+001  0.000000000000000E+000
 1.521938468827354E+001  1.613168879047124E+001  1.076532290012443E+001  0.000000000000000E+000
 1.539237054119595E+001  1.629426446185109E+001  1.090256302074663E+001  0.000000000000000E+000
 1.555261749740721E+001  1.644454657024848E+001  1.102966416127275E+001  0.000000000000000E+000
 1.569433365812487E+001  1.657719273816131E+001  1.114203696147390E+001  0.000000000000000E+000
 1.581239663685438E+001  1.668751502241016E+001  1.123562951262269E+001  0.000000000000000E+000
 1.590253798968602E+001  1.677163341840462E+001  1.130707118274218E+001  0.000000000000000E+000
 1.596149233955424E+001  1.682659574200851E+001  1.135378735182514E+001  0.000000000000000E+000
 1.598693683066853E+001  1.685030436793391E+001  1.137394780861899E+001  0.000000000000000E+000
 1.598693683066853E+001  1.685030436793391E+001  1.137394780861899E+001  0.000000000000000E+000
 1.601238132178281E+001  1.687400520326306E+001  1.139410698344554E+001  0.000000000000000E+000
 1.607133567165103E+001  1.692888960260251E+001  1.144081033064033E+001  0.000000000000000E+000
 1.616147702448267E+001  1.701272712898473E+001  1.151220579766406E+001  0.000000000000000E+000
 1.627954000321218E+001  1.712238575103633E+001  1.160568925104432E+001  0.000000000000000E+000
 1.642125616392984E+001  1.725379229302096E+001  1.171785855374695E+001  0.000000000000000E+000
 1.658150312014110E+001  1.740209040882751E+001  1.184463476477359E+001  0.000000000000000E+000
 1.675448897306351E+001  1.756183071755023E+001  1.198141215508773E+001  0.000000000000000E+000
 1.693396148410717E+001  1.772718040896974E+001  1.212322817722527E+001  0.000000000000000E+000
 1.711343399515083E+001  1.789214250461226E+001  1.226494627158800E+001  0.000000000000000E+000
 1.728641984807324E+001  1.805077555503506E+001  1.240144406998112E+001  0.000000000000000E+000
 1.744666680428450E+001  1.819740538206268E+001  1.252779947692675E+001  0.000000000000000E+000
 1.758838296500216E+001  1.832682161471920E+001  1.263946746244769E+001  0.000000000000000E+000
 1.770644594373167E+001  1.843445305710830E+001  1.273244110917028E+001  0.000000000000000E+000
 1.779658729656331E+001  1.851651698922166E+001  1.280339120317407E+001  0.000000000000000E+000
 1.785554164643154E+001  1.857013565002670E+001  1.284977708388089E+001  0.000000000000000E+000
 1.788098613754582E+001  1.859326435578976E+001  1.286979286306457E+001  0.000000000000000E+000
 1.788098613754582E+001  1.859326435578976E+001  1.286979286306457E+001  0.000000000000000E+000
 1.790643062866010E+001  1.861638527095658E+001  1.288980608592234E+001  0.000000000000000E+000
 1.796538497852832E+001  1.866992600749718E+001  1.293616639790285E+001  0.000000000000000E+000
 1.805552633135996E+001  1.875170906999830E+001  1.300702434031059E+001  0.000000000000000E+000
 1.817358931008947E+001  1.885867685019014E+001  1.309978029406755E+001  0.000000000000000E+000
 1.831530547080713E+001  1.898685345691845E+001  1.321104185054416E+001  0.000000000000000E+000
 1.847555242701839E+001  1.913149929135524E+001  1.333674729315856E+001  0.000000000000000E+000
 1.864853827994081E+001  1.928729697912092E+001  1.347231731801441E+001  0.000000000000000E+000
 1.882801079098446E+001  1.944855620839396E+001  1.361282573530493E+001  0.000000000000000E+000
 1.900748330202812E+001  1.960942784189000E+001  1.375318180091790E+001  0.000000000000000E+000
 1.918046915495053E+001  1.976411827135575E+001  1.388831670825238E+001  0.000000000000000E+000
 1.934071611116179E+001  1.990709581701362E+001  1.401336687618178E+001  0.000000000000000E+000
 1.948243227187945E+001  2.003328211441383E+001  1.412384716185065E+001  0.000000000000000E+000
 1.960049525060896E+001  2.013822271494315E+001  1.421580791790785E+001  0.000000000000000E+000
 1.969063660344060E+001  2.021823218317542E+001  1.428597058837863E+001  0.000000000000000E+000
 1.974959095330882E+001  2.027050718118161E+001  1.433183497274917E+001  0.000000000000000E+000
 1.977503544442310E+001  2.029305596678233E+001  1.435162410078859E+001  0.000000000000000E+000
 1.977503544442310E+001  2.029305596678233E+001  1.435162410078859E+001  0.000000000000000E+000
 1.980047993553739E+001  2.031559696178682E+001  1.437140972802958E+001  0.000000000000000E+000
 1.985943428540561E+001  2.036779403552857E+001  1.441723909656518E+001  0.000000000000000E+000
 1.994957563823725E+001  2.044752263414859E+001  1.448727556187023E+001  0.000000000000000E+000
 2.006763861696676E+001  2.055179957248067E+001  1.457893814488218E+001  0.000000000000000E+000
 2.020935477768442E+001  2.067674624395267E+001  1.468886161803951E+001  0.000000000000000E+000
 2.036960173389568E+001  2.081773979701969E+001  1.481302097849761E+001  0.000000000000000E+000
 2.054258758681809E+001  2.096959486382833E+001  1.494688358097850E+001  0.000000000000000E+000
 2.072206009786175E+001  2.112676363095490E+001  1.508557942675032E+001  0.000000000000000E+000
 2.090153260890541E+001  2.128354480230448E+001  1.522408211578976E+001  0.000000000000000E+000
 2.107451846182782E+001  2.143429261081318E+001  1.535739299861036E+001  0.000000000000000E+000
 2.123476541803908E+001  2.157361787510129E+001  1.548072130961273E+001  0.000000000000000E+000
 2.137648157875674E+001  2.169657423724518E+001  1.558965366333672E+001  0.000000000000000E+000
 2.149454455748625E+001  2.179882399591476E+001  1.568030715024648E+001  0.000000000000000E+000
 2.158468591031789E+001  2.187677900026592E+001  1.574946106784289E+001  0.000000000000000E+000
 2.164364026018611E+001  2.192771033547326E+001  1.579466078122443E+001  0.000000000000000E+000
 2.166908475130040E+001  2.194967920091165E+001  1.581416184612445E+001  0.000000000000000E+000
 2.166908475130040E+001  2.194967920091165E+001  1.581416184612445E+001  0.000000000000000E+000
 2.169452924241468E+001  2.197164027575379E+001  1.583365869432096E+001  0.000000000000000E+000
 2.175348359228290E+001  2.202249368669669E+001  1.587881623102708E+001  0.000000000000000E+000
 2.184362494511454E+001  2.210016782143562E+001  1.594781813135323E+001  0.000000000000000E+000
 2.196168792384405E+001  2.220175391790794E+001  1.603811244409783E+001  0.000000000000000E+000
 2.210340408456171E+001  2.232347065412362E+001  1.614637400584650E+001  0.000000000000000E+000
 2.226365104077297E+001  2.246081192582089E+001  1.626862898452155E+001  0.000000000000000E+000
 2.243663689369538E+001  2.260872437167248E+001  1.640040649160006E+001  0.000000000000000E+000
 2.261610940473904E+001  2.276180267665258E+001  1.653690762088299E+001  0.000000000000000E+000
 2.279558191578270E+001  2.291449338585568E+001  1.667318434495010E+001  0.000000000000000E+000
 2.296856776870511E+001  2.306129857340735E+001  1.680432084190467E+001  0.000000000000000E+000
 2.312881472491637E+001  2.319697155632569E+001  1.692561017746051E+001  0.000000000000000E+000
 2.327053088563403E+001  2.331669798321327E+001  1.703271995006559E+001  0.000000000000000E+000
 2.338859386436354E+001  2.341625690002308E+001  1.712184141294879E+001  0.000000000000000E+000
 2.347873521719518E+001  2.349215744049315E+001  1.718981740702845E+001  0.000000000000000E+000
 2.353768956706341E+001  2.354174511290163E+001  1.723424292878044E+001  0.000000000000000E+000
 2.356313405817769E+001  2.356313405817769E+001  1.725340893280500E+001  0.000000000000000E+000
 2.356313405817769E+001  2.356313405817769E+001  1.725340893280499E+001  0.000000000000000E+000
 2.358857854929197E+001  2.358857854929197E+001  1.727621187241709E+001  0.000000000000000E+000
 2.364753289916019E+001  2.364753289916019E+001  1.732905779289635E+001  0.000000000000000E+000
 2.373767425199183E+001  2.373767425199183E+001  1.740989156251043E+001  0.000000000000000E+000
 2.385573723072134E+001  2.385573723072134E+001  1.751582237546915E+001  0.000000000000000E+000
 2.399745339143900E+001  2.399745339143951E+001  1.764306246345942E+001  5.044853423896711E-013
 2.415770034765026E+001  2.415770034988732E+001  1.778705304029053E+001  2.237058538412384E-009
 2.433068620057267E+001  2.433068658352327E+001  1.794262285027167E+001  3.829505921260079E-007
 2.451015871161633E+001  2.451016977745158E+001  1.810417859239963E+001  1.106583524190796E-005
 2.468963122265999E+001  2.468974201284904E+001  1.826595814073382E+001  1.107901890478047E-004
 2.486261707558241E+001  2.486318138388655E+001  1.842234688081955E+001  5.643083041455554E-004
 2.502286403179367E+001  2.502468471551525E+001  1.856809004027853E+001  1.820683721586391E-003
 2.516458019251133E+001  2.516882330601453E+001  1.869825704084515E+001  4.243113503207496E-003
 2.528264317124084E+001  2.529039038581121E+001  1.880810857849803E+001  7.747214570372307E-003
 2.537278452407248E+001  2.538444519397653E+001  1.889314159935934E+001  1.166066990405668E-002
 2.543173887394070E+001  2.544666722380703E+001  1.894941541992703E+001  1.492834986633085E-002
 2.545718336505498E+001  2.547371643648349E+001  1.897388380365417E+001  1.653307142850835E-002
 2.545718336505498E+001  2.547371643648349E+001  1.897388380365417E+001  1.653307142850835E-002
 2.548262785616926E+001  2.550089114564446E+001  1.899846874017204E+001  1.826328947520039E-002
 2.554158220603749E+001  2.556436881662414E+001  1.905590873151704E+001  2.278661058665321E-002
 2.563172355886913E+001  2.566295525698252E+001  1.914515070479148E+001  3.123169811339821E-002
 2.574978653759863E+001  2.579526708030973E+001  1.926498322660739E+001  4.548054271109336E-002
 2.589150269831629E+001  2.595962120938544E+001  1.941393350966735E+001  6.811851106914091E-002
 2.605174965452755E+001  2.615390079938050E+001  1.959014218097179E+001  1.021511448529431E-001
 2.622473550744997E+001  2.637514335835526E+001  1.979098468893372E+001  1.504078509052960E-001
 2.640420801849363E+001  2.661891764713752E+001  2.001249804680887E+001  2.147096286438952E-001
 2.658368052953729E+001  2.687869992224041E+001  2.024880292898585E+001  2.950193927031286E-001
 2.675666638245970E+001  2.714550821682162E+001  2.049175714805075E+001  3.888418343619193E-001
 2.691691333867096E+001  2.740798839744993E+001  2.073102045599924E+001  4.910750587789714E-001
 2.705862949938862E+001  2.765301666540758E+001  2.095459510808952E+001  5.943871660189615E-001
 2.717669247811813E+001  2.786675347474119E+001  2.114978806601563E+001  6.900609966230640E-001
 2.726683383094977E+001  2.803598912122971E+001  2.130445140800536E+001  7.691552902799401E-001
 2.732578818081799E+001  2.814956243055764E+001  2.140829944859010E+001  8.237742497396532E-001
 2.735123267193227E+001  2.819929512138158E+001  2.145378711222461E+001  8.480624494493050E-001
 2.735123267193227E+001  2.819929512138158E+001  2.145378711222461E+001  8.480624494493050E-001
 2.737667716304655E+001  2.824946213431789E+001  2.149968035940080E+001  8.727849712713329E-001
 2.743563151291478E+001  2.836737949232690E+001  2.160758502977814E+001  9.317479794121191E-001
 2.752577286574642E+001  2.855226988253543E+001  2.177686766353364E+001  1.026497016789016E+000
 2.764383584447592E+001  2.880297886500304E+001  2.200658937500728E+001  1.159143020527114E+000
 2.778555200519358E+001  2.911699707367023E+001  2.229460224045194E+001  1.331445068476643E+000
 2.794579896140485E+001  2.948970568205252E+001  2.263684248810155E+001  1.543906720647676E+000
 2.811878481432726E+001  2.991363521701393E+001  2.302662708666915E+001  1.794850402686667E+000
 2.829825732537092E+001  3.037787504515024E+001  2.345408043522685E+001  2.079617719779325E+000
 2.847772983641457E+001  3.086777598390982E+001  2.390582595864584E+001  2.390046147495248E+000
 2.865071568933698E+001  3.136506453570196E+001  2.436505872388878E+001  2.714348846364974E+000
 2.881096264554824E+001  3.184844691035069E+001  2.481208000811265E+001  3.037484264802448E+000
 2.895267880626591E+001  3.229472786849486E+001  2.522532530502977E+001  3.342049062228952E+000
 2.907074178499541E+001  3.268040066835988E+001  2.558285057435317E+001  3.609658883364467E+000
 2.916088313782705E+001  3.298357779123072E+001  2.586415600783553E+001  3.822694653403662E+000
 2.921983748769528E+001  3.318602796866365E+001  2.605212374833529E+001  3.966190480968375E+000
 2.924528197880956E+001  3.327443657507285E+001  2.613423839508559E+001  4.029154596263290E+000
 2.924528197880956E+001  3.327443657507285E+001  2.613423839508559E+001  4.029154596263290E+000
 2.927072646992384E+001  3.336347279972595E+001  2.621695451974574E+001  4.092746329802115E+000
 2.932968081979206E+001  3.357220115293287E+001  2.641093895656008E+001  4.242520333140806E+000
 2.941982217262370E+001  3.389801511442315E+001  2.671393853234429E+001  4.478192941799442E+000
 2.953788515135321E+001  3.433722486668620E+001  2.712277189506721E+001  4.799339715332987E+000
 2.967960131207087E+001  3.488368885281117E+001  2.763203186475740E+001  5.204087540740296E+000
 2.983984826828213E+001  3.552791082165159E+001  2.823320747256823E+001  5.688062553369456E+000
 3.001283412120454E+001  3.625612815348825E+001  2.891378553553576E+001  6.243294032283703E+000
 3.019230663224820E+001  3.704951709430043E+001  2.965645203848980E+001  6.857210462052223E+000
 3.037177914329186E+001  3.788368001014505E+001  3.043855429473875E+001  7.511900866853185E+000
 3.054476499621428E+001  3.872860763310607E+001  3.123201463648961E+001  8.183842636891789E+000
 3.070501195242554E+001  3.954932052278898E+001  3.200389938179485E+001  8.844308570363445E+000
 3.084672811314320E+001  4.030736285832886E+001  3.271781759902147E+001  9.460634745185661E+000
 3.096479109187270E+001  4.096321903002913E+001  3.333622415474508E+001  9.998427938156425E+000
 3.105493244470435E+001  4.147953550702795E+001  3.382351719693395E+001  1.042460306232360E+001
 3.111388679457257E+001  4.182476666796656E+001  3.414956153593318E+001  1.071087987339399E+001
 3.113933128568685E+001  4.197565461699015E+001  3.429211791913357E+001  1.083632333130330E+001
 3.113933128568685E+001  4.197565461699015E+001  3.429211791913357E+001  1.083632333130330E+001
 3.116477577680113E+001  4.212769739898175E+001  3.443579841060551E+001  1.096292162218062E+001
 3.122373012666936E+001  4.248448129273758E+001  3.477308813741283E+001  1.126075116606823E+001
 3.131387147950100E+001  4.304246386450502E+001  3.530093909210269E+001  1.172859238500403E+001
 3.143193445823050E+001  4.379693112097439E+001  3.601533579783324E+001  1.236499666274388E+001
 3.157365061894816E+001  4.473976508474707E+001  3.690914096013645E+001  1.316611446579891E+001
 3.173389757515942E+001  4.585786937165388E+001  3.797054241383790E+001  1.412397179649445E+001
 3.190688342808184E+001  4.713133384844837E+001  3.918123247219204E+001  1.522445042036653E+001
 3.208635593912550E+001  4.853148179756920E+001  4.051445834550923E+001  1.644512585844370E+001
 3.226582845016915E+001  5.001908982391248E+001  4.193322713876604E+001  1.775326137374333E+001
 3.243881430309157E+001  5.154323418390172E+001  4.338911149995919E+001  1.910441988081016E+001
 3.259906125930283E+001  5.304136893576703E+001  4.482225379185956E+001  2.044230767646420E+001
 3.274077742002049E+001  5.444129412939080E+001  4.616322166414711E+001  2.170051670937031E+001
 3.285884039875000E+001  5.566550999376992E+001  4.733721097952892E+001  2.280666959501992E+001
 3.294898175158164E+001  5.663798568866546E+001  4.827063331028594E+001  2.368900393708382E+001
 3.300793610144986E+001  5.729259636859699E+001  4.889936202977709E+001  2.428466026714713E+001
 3.303338059256414E+001  5.757981673488190E+001  4.917532706539530E+001  2.454643614231775E+001
 3.303338059256414E+001  5.757981673488190E+001  4.917532706539530E+001  2.454643614231775E+001
 3.305882508367842E+001  5.786992588385608E+001  4.945412913344673E+001  2.481110080017766E+001
 3.311777943354664E+001  5.855343839970604E+001  5.011124201207127E+001  2.543565896615939E+001
 3.320792078637829E+001  5.963019671488254E+001  5.114708025836157E+001  2.642227592850426E+001
 3.332598376510779E+001  6.110150038367842E+001  5.256374162609101E+001  2.777551661857063E+001
 3.346769992582546E+001  6.296552356119381E+001  5.436054084520072E+001  2.949782363536836E+001
 3.362794688203672E+001  6.521347787466662E+001  5.653022145931974E+001  3.158553099262991E+001
 3.380093273495913E+001  6.782447063352288E+001  5.905386500737819E+001  3.402353789856375E+001
 3.398040524600279E+001  7.075907067890407E+001  6.189450231956340E+001  3.677866543290128E+001
 3.415987775704644E+001  7.395205456704473E+001  6.498988562415352E+001  3.979217680999828E+001
 3.433286360996886E+001  7.730550413766403E+001  6.824557335344117E+001  4.297264052769517E+001
 3.449311056618012E+001  8.068431668971797E+001  7.153036690777350E+001  4.619120612353785E+001
 3.463482672689778E+001  8.391696432739137E+001  7.467691662843313E+001  4.928213760049358E+001
 3.475288970562729E+001  8.680441809450232E+001  7.749040423098417E+001  5.205152838887503E+001
 3.484303105845893E+001  8.913885591232331E+001  7.976693220313155E+001  5.429582485386437E+001
 3.490198540832715E+001  9.073074694180384E+001  8.132025114861479E+001  5.582876153347669E+001
 3.492742989944144E+001  9.143444646497338E+001  8.200712847390442E+001  5.650701656553194E+001
 3.492742989944144E+001  9.143444646497338E+001  8.200712847390442E+001  5.650701656553194E+001
 3.495287439055571E+001  9.214847483012056E+001  8.270422774682412E+001  5.719560043956485E+001
 3.501182874042394E+001  9.384372532028618E+001  8.435983683841033E+001  5.883189657986225E+001
 3.510197009325558E+001  9.655141788623297E+001  8.700576351972586E+001  6.144944779297739E+001
 3.522003307198509E+001  1.003252421046788E+002  9.069649895362801E+001  6.510520903269366E+001
 3.536174923270275E+001  1.052302493737154E+002  9.549832629165279E+001  6.986850014101265E+001
 3.552199618891401E+001  1.113316982708229E+002  1.014783026153549E+002  7.580970208190888E+001
 3.569498204183642E+001  1.186767986240066E+002  1.086861639855582E+002  8.298181658217021E+001
 3.587445455288008E+001  1.272668566029225E+002  1.171266394876018E+002  9.139240205004245E+001
 3.605392706392374E+001  1.370186798048397E+002  1.267209985499471E+002  1.009647527409160E+002
 3.622691291684615E+001  1.477176878590475E+002  1.372602250658006E+002  1.114907749422013E+002
 3.638715987305741E+001  1.589717242551621E+002  1.483587519359157E+002  1.225845643821047E+002
 3.652887603377507E+001  1.701830243678554E+002  1.594261570295920E+002  1.336541483340803E+002
 3.664693901250457E+001  1.805618983868837E+002  1.696803598855626E+002  1.439149593743791E+002
 3.673708036533622E+001  1.892023215915570E+002  1.782225498538358E+002  1.524652412262207E+002
 3.679603471520444E+001  1.952210139948144E+002  1.841755298173921E+002  1.584249792796099E+002
 3.682147920631872E+001  1.979140795375869E+002  1.868398700188031E+002  1.610926003312682E+002
 3.682147920631872E+001  1.979140795375869E+002  1.868398700188031E+002  1.610926003312682E+002
 3.684692369743300E+001  2.006669220389750E+002  1.895637654776804E+002  1.638199983415420E+002
 3.690587804730122E+001  2.072839403768124E+002  1.961128541776332E+002  1.703780623295112E+002
 3.699601940013287E+001  2.180872421864584E+002  2.068099361701295E+002  1.810912227863255E+002
 3.711408237886237E+001  2.336158266984238E+002  2.221950102181646E+002  1.965017443195614E+002
 3.725579853958003E+001  2.545933715913301E+002  2.429935957761250E+002  2.173375730517501E+002
 3.741604549579129E+001  2.818781939922070E+002  2.700671471111595E+002  2.444621484964157E+002
 3.758903134871371E+001  3.163427950168607E+002  3.042931065714807E+002  2.787537636681470E+002
 3.776850385975737E+001  3.586427262184754E+002  3.463342121000519E+002  3.208742223587180E+002
 3.794797637080102E+001  4.088547872600578E+002  3.962768554274888E+002  3.709068108892568E+002
 3.812096222372344E+001  4.660311944142911E+002  4.531848884066236E+002  4.279102321905676E+002
 3.828120917993470E+001  5.278211924291405E+002  5.147202397317756E+002  4.895399832492058E+002
 3.842292534065236E+001  5.903772640320814E+002  5.770477084996049E+002  5.519543386914290E+002
 3.854098831938187E+001  6.486860833480282E+002  6.351646093239862E+002  6.101450950286463E+002
 3.863112967221350E+001  6.972678011647342E+002  6.835993515206202E+002  6.586366714925207E+002
 3.869008402208173E+001  7.310507615878590E+002  7.172861063617989E+002  6.923606775657773E+002
 3.871552851319601E+001  7.461416005878101E+002  7.323354176891360E+002  7.074260720746141E+002
 3.871552851319601E+001  7.461416005878101E+002  7.323354176891360E+002  7.074260720746141E+002
 3.874097300431029E+001  7.615483279915185E+002  7.477006170461095E+002  7.228073549872082E+002
 3.879992735417851E+001  7.984950872419731E+002  7.845511580409699E+002  7.596951598877946E+002
 3.889006870701016E+001  8.585449087030945E+002  8.444538229542014E+002  8.196548399960843E+002
 3.900813168573966E+001  9.443802457715628E+002  9.300959645955608E+002  9.053721140858232E+002
 3.914984784645733E+001  1.060185226697189E+003  1.045666701153302E+003  1.021035378850731E+003
 3.931009480266859E+001  1.213237320249418E+003  1.198446052529797E+003  1.173927225446749E+003
 3.948308065559100E+001  1.417434319792980E+003  1.402328834979792E+003  1.377951239137389E+003
 3.966255316663466E+001  1.699336180088618E+003  1.683864780659622E+003  1.659673626921983E+003
 3.984202567767831E+001  2.107790921758607E+003  2.091885573866358E+003  2.067948896080929E+003
 4.001501153060073E+001  2.733067016554236E+003  2.716639009441473E+003  2.693052005023635E+003
 4.017525848681199E+001  3.756453268467677E+003  3.739386209305234E+003  3.716278009980866E+003
 4.031697464752965E+001  5.595480408451262E+003  5.577613670199915E+003  5.555163433803732E+003
 4.043503762625916E+001  9.407860569294709E+003  9.388952285679215E+003  9.367425531668450E+003
 4.052517897909080E+001  1.949920627185945E+004  1.947883839833069E+004  1.945868109288036E+004
 4.058413332895903E+001  6.477254794684277E+004  6.474977767011211E+004  6.473196381351381E+004
 4.060957782007331E+001  1.797693134862316E+308  1.797693134862316E+308  1.797693134862316E+308
