-2.000000000000000000e+01 nan nan nan nan nan nan
-1.990506835034453914e+01 -1.675857381831242360e-02 -1.299851829145512276e-02 -4.554503486555311342e-04 6.441425522701564729e-04 -4.554503486555310800e-04 6.441425522701564729e-04
-1.969428744822841892e+01 -1.685404338978590058e-02 -1.286243771043754820e-02 -4.504129831711041780e-04 6.470555868781387556e-04 -4.504129831711043948e-04 6.470555868781387556e-04
-1.939685653689885925e+01 -1.698695043401939053e-02 -1.266937933765110817e-02 -4.432830984147300237e-04 6.511054712915109385e-04 -4.432830984147300237e-04 6.511054712915109385e-04
-1.905297534656135028e+01 -1.713796539294834206e-02 -1.244468381431015555e-02 -4.350087130115454963e-04 6.556993974640034804e-04 -4.350087130115456047e-04 6.556993974640035888e-04
-1.870909415622384842e+01 -1.728612934159450346e-02 -1.221842481861535115e-02 -4.267018698474933300e-04 6.601985854012964181e-04 -4.267018698474934384e-04 6.601985854012964181e-04
-1.841166324489428874e+01 -1.741197196134397496e-02 -1.202149222917286119e-02 -4.194915496346953679e-04 6.640137152418292780e-04 -4.194915496346954763e-04 6.640137152418291696e-04
-1.820088234277816142e+01 -1.749985297308444959e-02 -1.188124976707166484e-02 -4.143677659097356569e-04 6.666745687455796245e-04 -4.143677659097356569e-04 6.666745687455794076e-04
-1.810595069312271121e+01 -1.753907989458984573e-02 -1.181790486092195239e-02 -4.120563693353359149e-04 6.678613723546068456e-04 -4.120563693353359691e-04 6.678613723546066288e-04
-1.810595069312271121e+01 -1.753907989458984573e-02 -1.181790486092195239e-02 -4.120563693353359149e-04 6.678613723546068456e-04 -4.120563693353359691e-04 6.678613723546066288e-04
-1.801101904346725036e+01 -1.757808728206427737e-02 -1.175444763117012258e-02 -4.097426720219716481e-04 6.690409791226145609e-04 -4.097426720219717023e-04 6.690409791226144525e-04
-1.780023814135111948e+01 -1.766391113816376951e-02 -1.161315262611235972e-02 -4.045973285174053117e-04 6.716343938462810553e-04 -4.045973285174052575e-04 6.716343938462809469e-04
-1.750280723002157046e+01 -1.778316888013662875e-02 -1.141285078295245850e-02 -3.973179892209724473e-04 6.752336499780829844e-04 -3.973179892209724473e-04 6.752336499780829844e-04
-1.715892603968406149e+01 -1.791834818699771306e-02 -1.117994753469237108e-02 -3.888750167096984641e-04 6.793071380881255490e-04 -3.888750167096987893e-04 6.793071380881256574e-04
-1.681504484934655963e+01 -1.805061927848247705e-02 -1.094565967789626511e-02 -3.804040493651565332e-04 6.832864997052238857e-04 -3.804040493651566416e-04 6.832864997052238857e-04
-1.651761393801699995e+01 -1.816267083242455865e-02 -1.074192683059192049e-02 -3.730553341607337095e-04 6.866525163338488844e-04 -3.730553341607269874e-04 6.866525163338553896e-04
-1.630683303590087974e+01 -1.824075382041703830e-02 -1.059694605915330670e-02 -3.678354541109819494e-04 6.889953762464062900e-04 -3.678354541108104828e-04 6.889953762465661014e-04
-1.621190138624541888e+01 -1.827556132117005502e-02 -1.053148899665620926e-02 -3.654813105465077455e-04 6.900390378117767518e-04 -3.654813105458324502e-04 6.900390378123998428e-04
-1.621190138624541888e+01 -1.827556132117005502e-02 -1.053148899665620926e-02 -3.654813105465077455e-04 6.900390378117767518e-04 -3.654813105458324502e-04 6.900390378123998428e-04
-1.611696973658996157e+01 -1.831014524550137954e-02 -1.046593319702279756e-02 -3.631251957675809151e-04 6.910755498825830231e-04 -3.631251957651511096e-04 6.910755498848112754e-04
-1.590618883447383958e+01 -1.838613319740924762e-02 -1.032002719615423766e-02 -3.578868438491806581e-04 6.933514146184675256e-04 -3.578868438180733257e-04 6.933514146465485787e-04
-1.560875792314427990e+01 -1.849147860815176028e-02 -1.011333263130769627e-02 -3.504789951950855616e-04 6.965029765301289973e-04 -3.504789945564613712e-04 6.965029770938967798e-04
-1.526487673280676916e+01 -1.861052589790218592e-02 -9.873204195375011316e-03 -3.418914050159806432e-04 7.000594269118326539e-04 -3.418913941434030654e-04 7.000594362646889255e-04
-1.492099554246927084e+01 -1.872661613333186786e-02 -9.631868985428587715e-03 -3.332801046033409976e-04 7.035223079831611544e-04 -3.332799965543984831e-04 7.035223985461663831e-04
-1.462356463113970939e+01 -1.882463480444261650e-02 -9.422184463066524476e-03 -3.258137511230738332e-04 7.064418372342314142e-04 -3.258131871279374868e-04 7.064422994143695423e-04
-1.441278372902358029e+01 -1.889275339233579404e-02 -9.273067288510097178e-03 -3.205130819769337310e-04 7.084680806773769636e-04 -3.205115169952787763e-04 7.084693427388596282e-04
-1.431785207936813009e+01 -1.892306827250321219e-02 -9.205769598868537157e-03 -3.181234515088841169e-04 7.093689557966695010e-04 -3.181210587216980624e-04 7.093708715147715570e-04
-1.431785207936813009e+01 -1.892306827250321219e-02 -9.205769598868537157e-03 -3.181234515088841169e-04 7.093689557966695010e-04 -3.181210587216980624e-04 7.093708715147715570e-04
-1.422292042971266923e+01 -1.895315687172382732e-02 -9.138387232007459671e-03 -3.157325459378096540e-04 7.102624750234693687e-04 -3.157289590796847397e-04 7.102653259985151468e-04
-1.401213952759654013e+01 -1.901915556503466082e-02 -8.988476923534473306e-03 -3.104201826945810882e-04 7.122196350243487984e-04 -3.104119200678443066e-04 7.122260973640230338e-04
-1.371470861626698934e+01 -1.911039457028095023e-02 -8.776257805336520543e-03 -3.029195715200111308e-04 7.149161169187803321e-04 -3.028960598594716900e-04 7.149340900244055422e-04
-1.337082742592948037e+01 -1.921314471975826138e-02 -8.529944227886691530e-03 -2.942557731422574033e-04 7.179302736460762635e-04 -2.941886133439853787e-04 7.179802651762411071e-04
-1.302694623559198028e+01 -1.931300860091678812e-02 -8.282678192612641030e-03 -2.856309837614877866e-04 7.208168484761102177e-04 -2.854640450999850832e-04 7.209378269914422854e-04
-1.272951532426242061e+01 -1.939712262489330652e-02 -8.068114724413511310e-03 -2.782409999827663706e-04 7.231903008052177227e-04 -2.779063035865238316e-04 7.234272553104903166e-04
-1.251873442214630039e+01 -1.945551016546257297e-02 -7.915710749238670518e-03 -2.730695835544973376e-04 7.247896721460459499e-04 -2.725451280213693440e-04 7.251548413672067976e-04
-1.242380277249083953e+01 -1.948148762832455777e-02 -7.846985947312673515e-03 -2.707647072950502718e-04 7.254844632110770070e-04 -2.701294458576142038e-04 7.259234685636393406e-04
-1.242380277249083953e+01 -1.948148762832455777e-02 -7.846985947312673515e-03 -2.707647072950502718e-04 7.254844632110770070e-04 -2.701294458576142038e-04 7.259234685636393406e-04
-1.232887112283538045e+01 -1.950727263992360974e-02 -7.778212709973689708e-03 -2.684779899869717788e-04 7.261619204341309471e-04 -2.677132116471469007e-04 7.266864580573424237e-04
-1.211809022071924957e+01 -1.956385972842893464e-02 -7.625356167288972406e-03 -2.634782382821875880e-04 7.275983213328997236e-04 -2.623469077422808634e-04 7.283613245357280046e-04
-1.182065930938970055e+01 -1.964224595626870920e-02 -7.409359715143766165e-03 -2.566559644664758691e-04 7.294435714945694165e-04 -2.547732889488224647e-04 7.306833166055892769e-04
-1.147677811905218981e+01 -1.973097184159864487e-02 -7.159336689748169689e-03 -2.492312108441566815e-04 7.312599735901101697e-04 -2.460197722574670033e-04 7.333165396048677573e-04
-1.113289692871468084e+01 -1.981800464034144324e-02 -6.909198957202229881e-03 -2.424852136107509342e-04 7.326646752111449752e-04 -2.372758828521458077e-04 7.359079374594441111e-04
-1.083546601738513004e+01 -1.989224651892355228e-02 -6.692931750781660853e-03 -2.373704982240540666e-04 7.334849666667501858e-04 -2.297265735298717633e-04 7.381281622035015030e-04
-1.062468511526899917e+01 -1.994446220459200614e-02 -6.539805562722459872e-03 -2.342455703800557995e-04 7.338128010385665603e-04 -2.243870974206337531e-04 7.396966657135721317e-04
-1.052975346561355074e+01 -1.996791016807939606e-02 -6.470895124110098880e-03 -2.329935461664203549e-04 7.338855594921898668e-04 -2.219857255963262515e-04 7.404032215870766419e-04
-1.052975346561355074e+01 -1.996791016807939606e-02 -6.470895124110098880e-03 -2.329935461664203549e-04 7.338855594921898668e-04 -2.219857255963262515e-04 7.404032215870766419e-04
-1.043482181595808989e+01 -1.999133230340168280e-02 -6.402026029081231244e-03 -2.318467786780005133e-04 7.339092341556133388e-04 -2.195867227902977145e-04 7.411105003194415949e-04
-1.022404091384196079e+01 -2.004330917495173586e-02 -6.249287425288130304e-03 -2.297097181751232451e-04 7.337771724062941208e-04 -2.142694506269306859e-04 7.426858936891928345e-04
-9.926610002512406439e+00 -2.011682560871189823e-02 -6.034262965144821141e-03 -2.277759882286341177e-04 7.331259091491680027e-04 -2.067912757613117136e-04 7.449295849470033469e-04
-9.582728812174899247e+00 -2.020260186794270094e-02 -5.786585337147718937e-03 -2.273865824588419487e-04 7.316312838384087794e-04 -1.981879315097335027e-04 7.475735583807858022e-04
-9.238847621837393831e+00 -2.028992050109940451e-02 -5.540136557091420930e-03 -2.293338776341248195e-04 7.292677683134972649e-04 -1.896379680490746175e-04 7.502974119224124425e-04
-8.941416710507837706e+00 -2.036730483528645733e-02 -5.328150127958558926e-03 -2.332105849034593506e-04 7.264691742872299253e-04 -1.822918115130805366e-04 7.527406881369167043e-04
-8.730635808391712160e+00 -2.042351026181326093e-02 -5.178664316886565956e-03 -2.373476469982810442e-04 7.240393271403019332e-04 -1.771159627472537051e-04 7.545331168471530953e-04
-8.635704158736254854e+00 -2.044925880860026801e-02 -5.111555580348149143e-03 -2.396191795341840662e-04 7.228201007750616842e-04 -1.747935263600733033e-04 7.553593043439711836e-04
-8.635704158736254854e+00 -2.044925880860026801e-02 -5.111555580348149143e-03 -2.396191795341840662e-04 7.228201007750616842e-04 -1.747935263600733033e-04 7.553593043439711836e-04
-8.540772509080797548e+00 -2.047530513886700043e-02 -5.044587661892614185e-03 -2.421578087788894612e-04 7.215218825123836249e-04 -1.724766681300629872e-04 7.561982658689115483e-04
-8.329991606964672002e+00 -2.053430458581530574e-02 -4.896420775074785021e-03 -2.487991584184021088e-04 7.183523404115313296e-04 -1.673530677940333487e-04 7.581105248239345187e-04
-8.032560695635115877e+00 -2.062067695584220844e-02 -4.688648815906627104e-03 -2.607097335673310388e-04 7.131920553837835762e-04 -1.601738950368552855e-04 7.609389756832432485e-04
-7.688679505297609573e+00 -2.072592256043986891e-02 -4.450479483139185150e-03 -2.785803468378925053e-04 7.061978189513234104e-04 -1.519521007083959527e-04 7.644296909235391482e-04
-7.344798314960103269e+00 -2.083807462789597290e-02 -4.214688646066564251e-03 -3.013769295061200317e-04 6.980770485876313866e-04 -1.438201623231082310e-04 7.681986253664496982e-04
-7.047367403630547145e+00 -2.094167061081467218e-02 -4.012814637714468870e-03 -3.255375367173695875e-04 6.901287069953311246e-04 -1.368637865981731062e-04 7.717205051079986580e-04
-6.836586501514421599e+00 -2.101935103994869922e-02 -3.870991318694067939e-03 -3.454097477637228211e-04 6.839691943174540378e-04 -1.319797832865944175e-04 7.743842136780608454e-04
-6.741654851858964292e+00 -2.105561272520875202e-02 -3.807469148840181457e-03 -3.551589598661802493e-04 6.810507160778738562e-04 -1.297930550181348325e-04 7.756338046587372840e-04
-6.741654851858964292e+00 -2.105561272520875202e-02 -3.807469148840181457e-03 -3.551589598661802493e-04 6.810507160778738562e-04 -1.297930550181348325e-04 7.756338046587372840e-04
-6.646723202203506986e+00 -2.109272117111201869e-02 -3.744173323590486817e-03 -3.654286831010867078e-04 6.780417876060594682e-04 -1.276146001135280864e-04 7.769163913483218041e-04
-6.435942300087381440e+00 -2.117835346946045014e-02 -3.604473742637523924e-03 -3.901854493194244189e-04 6.710341367666116394e-04 -1.228082178568271900e-04 7.798899241514070657e-04
-6.138511388757825316e+00 -2.130761429597026121e-02 -3.409431491197209303e-03 -4.300678733409859698e-04 6.603640135627201558e-04 -1.161014648816434804e-04 7.844113272198717990e-04
-5.794630198420319012e+00 -2.147133432709016909e-02 -3.187264483229301608e-03 -4.842581675702091167e-04 6.468452961210244614e-04 -1.084669931646662315e-04 7.901865950388004727e-04
-5.450749008082812708e+00 -2.165333071880794213e-02 -2.969123497102336886e-03 -5.483849793870136137e-04 6.319872923218801137e-04 -1.009757457631451548e-04 7.966587008774535152e-04
-5.153318096753256583e+00 -2.182841542092917031e-02 -2.784143547305587343e-03 -6.130962752116707673e-04 6.179810538440932239e-04 -9.462684649707252260e-05 8.029265943110350939e-04
-4.942537194637131037e+00 -2.196411691671331518e-02 -2.655385243588751290e-03 -6.648473776651727752e-04 6.073639969023603364e-04 -9.020941086358001844e-05 8.078073659568011169e-04
-4.847605544981673731e+00 -2.202875335760375378e-02 -2.598080873761112082e-03 -6.899002772409108027e-04 6.023865558505668572e-04 -8.824387449530543591e-05 8.101381040573342159e-04
-4.847605544981673731e+00 -2.202875335760375378e-02 -2.598080873761112082e-03 -6.899002772409108027e-04 6.023865558505668572e-04 -8.824387449530543591e-05 8.101381040573342159e-04
-4.752673895326216424e+00 -2.209574109222441768e-02 -2.541225837183324655e-03 -7.161024288693429614e-04 5.972842238152860838e-04 -8.629402203380557722e-05 8.125572562466838039e-04
-4.541892993210089990e+00 -2.225351388470916958e-02 -2.416679278443880068e-03 -7.786324047256938446e-04 5.854982206909863703e-04 -8.202359463333116498e-05 8.182679247881949336e-04
-4.244462081880534754e+00 -2.249970661806214439e-02 -2.245194437236133420e-03 -8.779608824442224069e-04 5.677670607658611476e-04 -7.614570956504022555e-05 8.272091137999891541e-04
-3.900580891543028006e+00 -2.282390647780968215e-02 -2.053712745137338189e-03 -1.010826275178060068e-03 5.456414437345725532e-04 -6.958484465544648699e-05 8.390255315826309658e-04
-3.556699701205522146e+00 -2.319741545128946661e-02 -1.870126693076589993e-03 -1.165276531551849657e-03 5.218122198563027300e-04 -6.329661069374004198e-05 8.526810890625819523e-04
-3.259268789875966021e+00 -2.356626420989651333e-02 -1.718152529932024612e-03 -1.318058393943676281e-03 4.999086498859565443e-04 -5.809241703948144522e-05 8.661967978227708056e-04
-3.048487887759840032e+00 -2.385654669123943999e-02 -1.614478388295111262e-03 -1.437955077297155531e-03 4.837183640691758543e-04 -5.454270256469030388e-05 8.768489675803506442e-04
-2.953556238104383169e+00 -2.399575756589929568e-02 -1.568911450985089424e-03 -1.495259018980594741e-03 4.762597002096009488e-04 -5.298262231350867616e-05 8.819612150860300492e-04
-2.953556238104383169e+00 -2.399575756589929568e-02 -1.568911450985089424e-03 -1.495259018980594741e-03 4.762597002096009488e-04 -5.298262231350867616e-05 8.819612150860300492e-04
-2.858624588448925863e+00 -2.416404312441589736e-02 -1.516993001766784102e-03 -1.564319463939446535e-03 4.674943786305643949e-04 -5.120513371984159118e-05 8.881439432250234607e-04
-2.647843686332798985e+00 -2.456522848549450022e-02 -1.405380602174660957e-03 -1.727852175506024851e-03 4.476406095506223421e-04 -4.738404183230916783e-05 9.028934750279499081e-04
-2.350412775003244192e+00 -2.520131226963690310e-02 -1.256637490258487571e-03 -1.983360309936546897e-03 4.188774150076405656e-04 -4.229161234837292786e-05 9.263010360211605893e-04
-2.006531584665737000e+00 -2.605023988722310682e-02 -1.097649969611368429e-03 -2.316134069042119752e-03 3.849265041937522400e-04 -3.684748174206976676e-05 9.575688974763518118e-04
-1.662650394328230030e+00 -2.703528165191167870e-02 -9.526747314031511855e-04 -2.689641521472528780e-03 3.507697744840514512e-04 -3.188119074701419394e-05 9.938744943398627237e-04
-1.365219482998673906e+00 -2.800855759982352061e-02 -8.384871763700832079e-04 -3.045173086165253729e-03 3.215195211654024287e-04 -2.796719479099013284e-05 1.029762043443442025e-03
-1.154438580882547916e+00 -2.877180857120621368e-02 -7.637355245619407377e-04 -3.314724934761652426e-03 3.011773645730659297e-04 -2.540320979035874416e-05 1.057912381226720159e-03
-1.059506931227091053e+00 -2.913646625442120608e-02 -7.317056316706367245e-04 -3.440697465736385161e-03 2.921614375585262872e-04 -2.430403122837910816e-05 1.071363347331359510e-03
-1.059506931227091053e+00 -2.913646625442120608e-02 -7.317056316706367245e-04 -3.440697465736385161e-03 2.921614375585262872e-04 -2.430403122837910816e-05 1.071363347331359510e-03
-9.645752815716339690e-01 -2.951449324073047997e-02 -7.006747124313201895e-04 -3.569406350362353073e-03 2.832521217111472959e-04 -2.323875843115831707e-05 1.085308359242567224e-03
-7.537943794555077570e-01 -3.040294587315208602e-02 -6.352746599827402418e-04 -3.864532667393762600e-03 2.639053594900682897e-04 -2.099217532581994114e-05 1.118085396484883118e-03
-4.563634681259524095e-01 -3.177606625150185965e-02 -5.509085340217029616e-04 -4.301125206462025688e-03 2.377979469942507985e-04 -1.809038259588587207e-05 1.168749142413974020e-03
-1.124822777884463970e-01 -3.354548091131205612e-02 -4.642428601687636548e-04 -4.830983089811332482e-03 2.096501671238672356e-04 -1.510340552066380596e-05 1.234042700016898912e-03
2.313989125490595877e-01 -3.551730215202601737e-02 -3.883020539748766346e-04 -5.381629438779010274e-03 1.839535567234400724e-04 -1.247866818431481361e-05 1.306812791493733045e-03
5.288298238786148797e-01 -3.739004689791397551e-02 -3.304577542450509481e-04 -5.869309391011750393e-03 1.638289153979431603e-04 -1.047273085227036637e-05 1.375932333407666776e-03
7.396107259947408696e-01 -3.881219472798016351e-02 -2.934629557571534096e-04 -6.218649651140770347e-03 1.507676489990655367e-04 -9.185719906226663467e-06 1.428424623312985397e-03
8.345423756501979540e-01 -3.947850026956255254e-02 -2.778069080088292750e-04 -6.376489039772660801e-03 1.452088245879143305e-04 -8.639875501211709139e-06 1.453019331576338924e-03
8.345423756501979540e-01 -3.947850026956255254e-02 -2.778069080088292750e-04 -6.376489039772660801e-03 1.452088245879143305e-04 -8.639875501211709139e-06 1.453019331576338924e-03
9.294740253056549273e-01 -4.016081276034312586e-02 -2.627439219592778716e-04 -6.534435926030590647e-03 1.398489352513638010e-04 -8.113945212272706111e-06 1.478205538526235771e-03
1.140254927421781916e+00 -4.173283233867416953e-02 -2.313086346315081543e-04 -6.884807060727535580e-03 1.286477720546591260e-04 -7.013619655732003232e-06 1.536236015299384441e-03
1.437685838751336931e+00 -4.408383245058895145e-02 -1.912861870162920039e-04 -7.376067770732169099e-03 1.144284627559154921e-04 -5.606195680289771877e-06 1.623028855619923104e-03
1.781567029088843901e+00 -4.699219213748892510e-02 -1.505981532367983288e-04 -7.934973311890617179e-03 1.001604933753659016e-04 -4.165642167974954983e-06 1.730409288307860902e-03
2.125448219426350871e+00 -5.009856310105861160e-02 -1.150538318774444227e-04 -8.479338046982603030e-03 8.801291974096494479e-05 -2.896541986090129573e-06 1.845115033533719891e-03
2.422879130755906996e+00 -5.293902062502364031e-02 -8.784615096304124735e-05 -8.935274490516341081e-03 7.903371197659471924e-05 -1.916357984875483972e-06 1.950015399391314113e-03
2.633660032872032986e+00 -5.503492820422917903e-02 -7.028468740824304580e-05 -9.248800823460509579e-03 7.343820097280795922e-05 -1.278722633720736497e-06 2.027427694455720842e-03
2.728591682527489848e+00 -5.600066519955984590e-02 -6.279517722893902809e-05 -9.387224824381170535e-03 7.110915526544421875e-05 -1.005427155396120755e-06 2.063099736693573862e-03
2.728591682527489848e+00 -5.600066519955984590e-02 -6.279517722893902809e-05 -9.387224824381170535e-03 7.110915526544421875e-05 -1.005427155396120755e-06 2.063099736693573862e-03
2.823523332182947154e+00 -5.697963066795035114e-02 -5.554880376879330067e-05 -9.523857882081808793e-03 6.889197049620035898e-05 -7.401601013900239711e-07 2.099262091085296166e-03
3.034304234299074032e+00 -5.919946765852619058e-02 -4.026996510623994421e-05 -9.820642113407693913e-03 6.434546732800560656e-05 -1.779029980744940010e-07 2.181267827116368206e-03
3.331735145628628825e+00 -6.243626673344796624e-02 -2.042097692629614661e-05 -1.022347261752072980e-02 5.873368866206934779e-05 5.592109598888969425e-07 2.300858689565172133e-03
3.675616335966135129e+00 -6.632257708307154331e-02 3.817481187112084508e-07 -1.066526703980574461e-02 5.326661932227804667e-05 1.341075826514525864e-06 2.444473564511035531e-03
4.019497526303640988e+00 -7.035294016521304039e-02 1.925550788764033831e-05 -1.108106554549465224e-02 4.872621332419451172e-05 2.059951082822505388e-06 2.593443220386786909e-03
4.316928437633196225e+00 -7.394674938624780369e-02 3.427770284940880448e-05 -1.141983851043843097e-02 4.542759790741245459e-05 2.639380761887579642e-06 2.726304946880378065e-03
4.527709339749321771e+00 -7.655017851551833286e-02 4.429681334248706035e-05 -1.164838157217826242e-02 4.339254853730874288e-05 3.029704083397407178e-06 2.822569588446066646e-03
4.622640989404779077e+00 -7.773730063727912754e-02 4.865700916595902623e-05 -1.174823752735677622e-02 4.254937250315996586e-05 3.200580115338439932e-06 2.866469523990523675e-03
4.622640989404779077e+00 -7.773730063727912754e-02 4.865700916595902623e-05 -1.174823752735677622e-02 4.254937250315996586e-05 3.200580115338439932e-06 2.866469523990523675e-03
4.717572639060236384e+00 -7.893318065684000462e-02 5.292923721190257385e-05 -1.184620788090394970e-02 4.174851244361017680e-05 3.368618927094001993e-06 2.910696401690400937e-03
4.928353541176362818e+00 -8.161869669775823066e-02 6.212209808768310302e-05 -1.205709146059201139e-02 4.011086805362682980e-05 3.732290136160510244e-06 3.010025426557504102e-03
5.225784452505918942e+00 -8.547551089254426526e-02 7.447583214869146046e-05 -1.233945536124901945e-02 3.809502732533951477e-05 4.225605929933688283e-06 3.152705221590161155e-03
5.569665642843425246e+00 -9.002557688301611460e-02 8.798134256830855563e-05 -1.264456049152914985e-02 3.613179326035131022e-05 4.771072278180099075e-06 3.321074868998762520e-03
5.913546833180932438e+00 -9.466455878150875636e-02 1.007831992468550181e-04 -1.292787005943770752e-02 3.449617248041187345e-05 5.294090152504301092e-06 3.492784632991804018e-03
6.210977744510487675e+00 -9.874207659033205908e-02 1.113756770601867616e-04 -1.315625591558362319e-02 3.330087706266793795e-05 5.731186770948214784e-06 3.643754805579037422e-03
6.421758646626614109e+00 -1.016652736037470112e-01 1.186483137861000695e-04 -1.330920462746088342e-02 3.255862633298930027e-05 6.033516424507217930e-06 3.752011414879732974e-03
6.516690296282071415e+00 -1.029903689996654603e-01 1.218663499592593271e-04 -1.337576403465171211e-02 3.224965085873007971e-05 6.167858281440606660e-06 3.801091554515516335e-03
6.516690296282071415e+00 -1.029903689996654603e-01 1.218663499592593271e-04 -1.337576403465171211e-02 3.224965085873007971e-05 6.167858281440606660e-06 3.801091554515516335e-03
6.611621945937527833e+00 -1.043205503808689177e-01 1.250509497320450734e-04 -1.344091413075881522e-02 3.195525138483854515e-05 6.301139709100275630e-06 3.850364539164560004e-03
6.822402848053654267e+00 -1.072914298377936199e-01 1.320095996661743720e-04 -1.358065507011453274e-02 3.134992907391218525e-05 6.593510266679973728e-06 3.960429091640847374e-03
7.119833759383210392e+00 -1.115218679263076801e-01 1.415888524834591497e-04 -1.376674250980586094e-02 3.059712228508940172e-05 6.998456222478961353e-06 4.117197084143045353e-03
7.463714949720715808e+00 -1.164636855053495929e-01 1.523559212605776585e-04 -1.396655548057968571e-02 2.985288802243908244e-05 7.456849735834910222e-06 4.300386979980056097e-03
7.807596140058222112e+00 -1.214539210345959575e-01 1.628364428158714792e-04 -1.415093935262559839e-02 2.922116627053365076e-05 7.906104982064482992e-06 4.485439250280266049e-03
8.105027051387777348e+00 -1.258046483310619190e-01 1.716997359108833219e-04 -1.429875129877558257e-02 2.875021069621476550e-05 8.288212134827901734e-06 4.646833546241508142e-03
8.315807953503902894e+00 -1.289052430969974961e-01 1.778798084271570408e-04 -1.439730741031858795e-02 2.845254804327504918e-05 8.555736544682937775e-06 4.761886032152742171e-03
8.410739603159360200e+00 -1.303060198885376275e-01 1.806378308489224973e-04 -1.444008250500963993e-02 2.832721265386994484e-05 8.675400628797961083e-06 4.813873230149678592e-03
8.410739603159360200e+00 -1.303060198885376275e-01 1.806378308489224973e-04 -1.444008250500963993e-02 2.832721265386994484e-05 8.675400628797961083e-06 4.813873230149678592e-03
8.505671252814817507e+00 -1.317093365219932921e-01 1.833808579149317727e-04 -1.448188210113277377e-02 2.820690354766992888e-05 8.794575538907023666e-06 4.865960461056863598e-03
8.716452154930943053e+00 -1.348337480729722981e-01 1.894201908783217604e-04 -1.457129427383580846e-02 2.795645494177758709e-05 9.057508826455811017e-06 4.981950935757044514e-03
9.013883066260499177e+00 -1.392609193275679835e-01 1.978302395731181473e-04 -1.468980071682193279e-02 2.763803297144919489e-05 9.424830990404173557e-06 5.146355294304119296e-03
9.357764256598006369e+00 -1.444028202838243125e-01 2.074046451067129032e-04 -1.481623692153062957e-02 2.731342107150274621e-05 9.844530385556579357e-06 5.337377015248945256e-03
9.701645446935513561e+00 -1.495657445453688061e-01 2.168342350897852627e-04 -1.493202737906990964e-02 2.702759815760925321e-05 1.025930164142018646e-05 5.529263612778669360e-03
9.999076358265069686e+00 -1.540452190747520766e-01 2.248834234914068948e-04 -1.502411501661692593e-02 2.680631349941466101e-05 1.061434801590848557e-05 5.695818716058196306e-03
1.020985726038120056e+01 -1.572261487299256855e-01 2.305318802501473959e-04 -1.508508474067759078e-02 2.666184712027930666e-05 1.086399146405509953e-05 5.814131737622005303e-03
1.030478891003665076e+01 -1.586602748107425742e-01 2.330614168081107684e-04 -1.511142512766512278e-02 2.659975585690803267e-05 1.097591069700951257e-05 5.867484394255279533e-03
1.030478891003665076e+01 -1.586602748183600642e-01 2.330614168677134818e-04 2.975404903412069701e-02 -5.048946018307775771e-04 1.097591075894291335e-05 5.867484399716928027e-03
1.039972055969210984e+01 -1.558732494243791067e-01 1.855669798623149223e-04 2.899999750633194470e-02 -4.963261971400710366e-04 9.236311790790606763e-06 5.764607608307313960e-03
1.061050146180824072e+01 -1.499442447114330002e-01 8.312171727921283777e-05 2.741207786578289674e-02 -4.782904827738839967e-04 5.484582975566187043e-06 5.545752551081548597e-03
1.090793237313778974e+01 -1.421443859785941621e-01 -5.485383354293564084e-05 2.535789830763173630e-02 -4.549749368103080636e-04 4.328862426244601977e-07 5.257841589199234618e-03
1.125181356347530048e+01 -1.338755161279936157e-01 -2.056560362506638993e-04 2.322548845965664507e-02 -4.307895640033156202e-04 -5.086922089073543139e-06 4.952621952890028101e-03
1.159569475381280057e+01 -1.263250453980369614e-01 -3.480746751809433016e-04 2.132128875660831147e-02 -4.092062472573656357e-04 -1.029854818899216913e-05 4.673924125871766443e-03
1.189312566514236025e+01 -1.203136328352804457e-01 -4.651802835319007452e-04 1.983609803217487380e-02 -3.923792119028764766e-04 -1.458303990133555440e-05 4.452038805076804009e-03
1.210390656725848046e+01 -1.163190956149962041e-01 -5.450529621101621270e-04 1.886499983137706477e-02 -3.813788873470340467e-04 -1.750494088784612036e-05 4.304600040739515500e-03
1.219883821691393955e+01 -1.145874459985587318e-01 -5.802331810191859547e-04 1.844806274082173153e-02 -3.766561824955447788e-04 -1.879182299130951800e-05 4.240685342697677641e-03
1.219883821691393955e+01 -1.145874459985587318e-01 -5.802331810191859547e-04 1.844806274082173153e-02 -3.766561824955447788e-04 -1.879182299130951800e-05 4.240685342697677641e-03
1.229376986656940041e+01 -1.128959128605698803e-01 -6.149408112069274955e-04 1.804318890276803214e-02 -3.720701356474891250e-04 -2.006137601996020782e-05 4.178251754275128481e-03
1.250455076868552062e+01 -1.092776453490911376e-01 -6.903809653995756973e-04 1.718527333712653593e-02 -3.623520392712369542e-04 -2.282074213711561805e-05 4.044704949898358416e-03
1.280198168001508030e+01 -1.044749956539038072e-01 -7.932482071315359682e-04 1.606412227369208301e-02 -3.496496862893584581e-04 -2.658311614361912208e-05 3.867447366132029194e-03
1.314586287035258927e+01 -9.932756451308701051e-02 -9.073655493985071947e-04 1.488562636846728175e-02 -3.362912175600939191e-04 -3.075687098885588320e-05 3.677469946531900652e-03
1.348974406069008936e+01 -9.457373341573421799e-02 -1.016781314727313893e-03 1.381944603081260159e-02 -3.241957291507203747e-04 -3.475878497333760066e-05 3.502025256885382947e-03
1.378717497201965081e+01 -9.075001180948867596e-02 -1.107956852386884385e-03 1.297799875585905344e-02 -3.146391395750176346e-04 -3.809381317875111110e-05 3.360912177377581560e-03
1.399795587413577991e+01 -8.818910798072542023e-02 -1.170771138652340181e-03 1.242277581340533663e-02 -3.083261756973216432e-04 -4.039165939975896405e-05 3.266405840714099035e-03
1.409288752379123011e+01 -8.707378593060270677e-02 -1.198599426978121324e-03 1.218310597191688167e-02 -3.055989418455690621e-04 -4.140973559326125965e-05 3.225247349260834326e-03
1.409288752379123011e+01 -8.707378593060270677e-02 -1.198599426978121324e-03 1.218310597191688167e-02 -3.055989418455690621e-04 -4.140973559326125965e-05 3.225247349260834326e-03
1.418781917344668919e+01 -8.598121940327953239e-02 -1.226150606595271695e-03 1.194960536656852756e-02 -3.029404860015315229e-04 -4.241772501677680264e-05 3.184929105916843844e-03
1.439860007556282007e+01 -8.363370917308315944e-02 -1.286366379730756546e-03 1.145225107892370794e-02 -2.972726995511653226e-04 -4.462098411430288962e-05 3.098302329535298615e-03
1.469603098689237086e+01 -8.049502183550651113e-02 -1.369201635995785345e-03 1.079676396723383731e-02 -2.897896972116436026e-04 -4.765240840749792174e-05 2.982484116798747847e-03
1.503991217722987983e+01 -7.710084272419319429e-02 -1.462070109136597322e-03 1.010053382879587229e-02 -2.818208409103502049e-04 -5.105190471826414835e-05 2.857244400221732161e-03
1.538379336756739058e+01 -7.393701513567144112e-02 -1.552061619282163723e-03 9.463789490766339255e-03 -2.745087284085372310e-04 -5.434719540211956079e-05 2.740510978862688643e-03
1.568122427889693959e+01 -7.137082523262068545e-02 -1.627748581106358604e-03 8.956304888939814121e-03 -2.686600395553930790e-04 -5.711968766206111680e-05 2.645833611148064660e-03
1.589200518101307047e+01 -6.964102461514652676e-02 -1.680254520731700547e-03 8.618898453394321924e-03 -2.647589730614727894e-04 -5.904364908651931203e-05 2.582017204401162482e-03
1.598693683066852955e+01 -6.888479298195344935e-02 -1.703609089232675962e-03 8.472599194873803655e-03 -2.630639253450509215e-04 -5.989960053768447849e-05 2.554118893251754868e-03
1.598693683066852955e+01 -6.888479298195344935e-02 -1.703609089232675962e-03 8.472599194873803655e-03 -2.630639253450509215e-04 -5.989960053768447849e-05 2.554118893251754868e-03
1.608186848032397975e+01 -6.814226903463707630e-02 -1.726786855921261504e-03 8.329676341415381477e-03 -2.614057384455858025e-04 -6.074918525510401287e-05 2.526726805448453999e-03
1.629264938244011063e+01 -6.654099615242811683e-02 -1.777635167669080725e-03 8.023935364864146977e-03 -2.578503857990525959e-04 -6.261345362348200356e-05 2.467656912584839223e-03
1.659008029376967031e+01 -6.438718173536961409e-02 -1.848005207817442512e-03 7.618135499014881337e-03 -2.531120593217834865e-04 -6.519446615232832591e-05 2.388208505472568053e-03
1.693396148410716862e+01 -6.204083190006318832e-02 -1.927463372484313278e-03 7.183360383490260993e-03 -2.480062746166997656e-04 -6.811036578449054357e-05 2.301664331468602706e-03
1.727784267444468114e+01 -5.983690547639982510e-02 -2.005010980544758015e-03 6.782127783910170925e-03 -2.432620950017921077e-04 -7.095791438098090359e-05 2.220380170072487006e-03
1.757527358577423016e+01 -5.803686557287266595e-02 -2.070637126339096908e-03 6.459722538223582229e-03 -2.394230060961099733e-04 -7.336919914026354618e-05 2.153997424556644124e-03
1.778605448789036103e+01 -5.681699789334249129e-02 -2.116373984144707086e-03 6.244011015075391288e-03 -2.368387548771110540e-04 -7.505056882610159946e-05 2.109013628985402251e-03
1.788098613754581834e+01 -5.628201017808554668e-02 -2.136771703858156204e-03 6.150129239936799434e-03 -2.357096880444118259e-04 -7.580066875027359540e-05 2.089286280108525878e-03
1.788098613754581834e+01 -5.628201017808554668e-02 -2.136771703858156204e-03 6.150129239936799434e-03 -2.357096880444118259e-04 -7.580066875027359540e-05 2.089286280108525878e-03
1.797591778720127920e+01 -5.575570448733351697e-02 -2.157047350728422911e-03 6.058205155203224071e-03 -2.346014256847033061e-04 -7.654643287905815545e-05 2.069879596696107184e-03
1.818669868931739941e+01 -5.461723347630206837e-02 -2.201639855729976055e-03 5.860851085482872772e-03 -2.322122707714473699e-04 -7.818715658810794717e-05 2.027902138351140270e-03
1.848412960064695909e+01 -5.307824362368075699e-02 -2.263597342165145614e-03 5.597363283023647218e-03 -2.289994655963537289e-04 -8.046812616561749331e-05 1.971161110326446683e-03
1.882801079098446095e+01 -5.139133034013788903e-02 -2.333885532143664156e-03 5.313008789346360117e-03 -2.254982682039608324e-04 -8.305777125167443766e-05 1.908972456017542403e-03
1.917189198132196992e+01 -4.979661534780754212e-02 -2.402804966058960396e-03 5.048602793097966765e-03 -2.222057099952492022e-04 -8.559916955560129437e-05 1.850189268423455251e-03
1.946932289265151894e+01 -4.848654685785017127e-02 -2.461365666447798937e-03 4.834683774437322640e-03 -2.195114742439311327e-04 -8.776039714912494728e-05 1.801903746418663087e-03
1.968010379476764982e+01 -4.759472395054673705e-02 -2.502301101944531554e-03 4.690797701567689382e-03 -2.176818951800230226e-04 -8.927218772246414170e-05 1.769036539073476485e-03
1.977503544442310002e+01 -4.720256200817943282e-02 -2.520588981147114330e-03 4.627979521007716084e-03 -2.168783371567998403e-04 -8.994786455708328444e-05 1.754584613412703015e-03
1.977503544442310002e+01 -4.720256200817943282e-02 -2.520588981147114330e-03 4.627979521007716084e-03 -2.168783371567998403e-04 -8.994786455708328444e-05 1.754584613412703015e-03
1.986996709407856088e+01 -4.681613548755848148e-02 -2.538786268149175514e-03 4.566353575214837993e-03 -2.160870267784602609e-04 -9.062037316937216272e-05 1.740344542327104237e-03
2.008074799619469175e+01 -4.597807944170125699e-02 -2.578872552820464601e-03 4.433645938671355868e-03 -2.143722893736037737e-04 -9.210246637787988496e-05 1.709463370777936173e-03
2.037817890752424077e+01 -4.484039377900684437e-02 -2.634712091496377740e-03 4.255588209460401533e-03 -2.120465633419262713e-04 -9.416851989150007299e-05 1.667545305401712261e-03
2.072206009786174974e+01 -4.358683980034297467e-02 -2.698251981916167334e-03 4.062253221018931500e-03 -2.094847264555635533e-04 -9.652173515611654449e-05 1.621363857676101162e-03
2.106594128819925871e+01 -4.239532830852466710e-02 -2.760742285766238421e-03 3.881333070056134336e-03 -2.070479293174186982e-04 -9.883852870163687787e-05 1.577474199293353021e-03
2.136337219952881128e+01 -4.141163941650872343e-02 -2.813978196565238878e-03 3.734110564528670025e-03 -2.050328624434680257e-04 -1.008142262719043716e-04 1.541244620046613436e-03
2.157415310164493860e+01 -4.073942538946279113e-02 -2.851263078576529979e-03 3.634642012260312551e-03 -2.036531504178514429e-04 -1.021990882060687665e-04 1.516489477694572038e-03
2.166908475130039946e+01 -4.044316026036248041e-02 -2.867938440182144205e-03 3.591100696650749956e-03 -2.030441837995108380e-04 -1.028187686174706722e-04 1.505579869591821239e-03
2.166908475130039946e+01 -4.044316026036248041e-02 -2.867938440182144205e-03 3.591100696650749956e-03 -2.030441837995108380e-04 -1.028187686174706722e-04 1.505579869591821239e-03
2.176401640095584966e+01 -4.015082164823303990e-02 -2.884542184909019875e-03 3.548316570912128914e-03 -2.024426776762911656e-04 -1.034359825556072581e-04 1.494815305314918779e-03
2.197479730307198054e+01 -3.951541445260587510e-02 -2.921155833729992095e-03 3.455946823760387698e-03 -2.011329143680081193e-04 -1.047977269168396894e-04 1.471419791022124174e-03
2.227222821440154021e+01 -3.864970327926451482e-02 -2.972241408999405990e-03 3.331490107419322021e-03 -1.993422342535998383e-04 -1.066993609216701169e-04 1.439548253388580213e-03
2.261610940473903852e+01 -3.769154898007387455e-02 -3.030483685164423943e-03 3.195653226002902712e-03 -1.973500693863148897e-04 -1.088698179655201635e-04 1.404278686470214347e-03
2.295999059507655105e+01 -3.677654510257705872e-02 -3.087873008077054744e-03 3.067849141914281205e-03 -1.954351799998636080e-04 -1.110111049094483548e-04 1.370603068228570115e-03
2.325742150640610006e+01 -3.601791098446871509e-02 -3.136843397472412892e-03 2.963336800014770150e-03 -1.938364303286867934e-04 -1.128403964087458999e-04 1.342686885087349818e-03
2.346820240852223094e+01 -3.549777350427327921e-02 -3.171182252652691991e-03 2.892455106440464455e-03 -1.927335570250811162e-04 -1.141243308854137750e-04 1.323549352368442837e-03
2.356313405817768825e+01 -3.526808330254257995e-02 -3.186550626465679912e-03 2.861357298550643545e-03 -1.922446136307729282e-04 -1.146992849413451304e-04 1.315098974102396623e-03
2.356313405817768825e+01 -3.526808330254259383e-02 -3.186550626465686851e-03 2.861357298550643979e-03 -1.922446136307729282e-04 -1.146992849413454286e-04 1.315098974102396840e-03
2.365806570783314910e+01 -3.499818186996934977e-02 -3.204773333328304798e-03 2.824975831274591231e-03 -1.916684700135267783e-04 -1.153812908598588882e-04 1.305169745661569286e-03
2.386884660994926932e+01 -3.441106139971227690e-02 -3.245040162585339106e-03 2.746439735959341471e-03 -1.904087810633733587e-04 -1.168893665963523264e-04 1.283572605917240395e-03
2.416627752127882900e+01 -3.361005985876992785e-02 -3.301414498247298799e-03 2.640651412261996612e-03 -1.886745717831724077e-04 -1.190031719306241961e-04 1.254112632996343644e-03
2.451015871161633086e+01 -3.272201145292003011e-02 -3.365948252652923439e-03 2.525237571688106631e-03 -1.867288065152650190e-04 -1.214265684772099799e-04 1.221457989888841047e-03
2.485403990195383983e+01 -3.187129884662566470e-02 -3.429316790449532179e-03 2.416555598058448169e-03 -1.848818918711449917e-04 -1.238097987948842216e-04 1.190183146115644363e-03
2.515147081328339951e+01 -3.115830940662317472e-02 -3.480712462979387422e-03 2.326861217811740379e-03 -1.835619350090000206e-04 -1.257439051548165428e-04 1.163975410711607121e-03
2.536225171539951972e+01 -3.065884099997912698e-02 -3.512359399387094197e-03 2.264729979119707668e-03 -1.830069928366580907e-04 -1.269335339358218788e-04 1.145616548150936659e-03
2.545718336505498058e+01 -3.043371663372457236e-02 -3.524558256708701723e-03 2.236898831724861911e-03 -1.829182161763187749e-04 -1.273911319930861935e-04 1.137341289892981411e-03
2.545718336505498058e+01 -3.043371663372457236e-02 -3.524558256708701723e-03 2.236898831724861911e-03 -1.829182161763187749e-04 -1.273911319930861935e-04 1.137341289892981411e-03
2.555211501471044144e+01 -3.020772544331012249e-02 -3.535138690643716865e-03 2.209061668354772145e-03 -1.829548637675683322e-04 -1.277870424581476763e-04 1.129033689357854210e-03
2.576289591682656877e+01 -2.970025097080639109e-02 -3.551638047904097546e-03 2.146898266958451821e-03 -1.835702760544918530e-04 -1.283993190088728270e-04 1.110376046445689033e-03
2.606032682815612134e+01 -2.896278677566676077e-02 -3.554671920266437839e-03 2.057355687291950209e-03 -1.859454345857643979e-04 -1.284902179666310297e-04 1.083254226504895860e-03
2.640420801849363031e+01 -2.806690851070429635e-02 -3.522564072715248483e-03 1.949794864088692879e-03 -1.912245560706927311e-04 -1.272349086734705557e-04 1.050289989015601010e-03
2.674808920883112862e+01 -2.711725224997288755e-02 -3.448179722459053954e-03 1.837294794144796965e-03 -1.993047653294167856e-04 -1.243648247936609858e-04 1.015326302122147601e-03
2.704552012016068829e+01 -2.625239687417717932e-02 -3.349366284455158969e-03 1.736324537534473557e-03 -2.083564425381039355e-04 -1.205661908568314892e-04 9.834669149748793970e-04
2.725630102227681917e+01 -2.561708997508342980e-02 -3.260901919458772651e-03 1.663134715946278314e-03 -2.157402067323799580e-04 -1.171708332243652278e-04 9.600533539908625473e-04
2.735123267193226937e+01 -2.532549747246858052e-02 -3.216372116207627183e-03 1.629836913203244319e-03 -2.192818450302603552e-04 -1.154629673717485154e-04 9.493042303548749217e-04
2.735123267193226937e+01 -2.532549747246858052e-02 -3.216372116207627183e-03 1.629836913203244319e-03 -2.192818450302603552e-04 -1.154629673717485154e-04 9.493042303548749217e-04
2.744616432158773023e+01 -2.503081063347077986e-02 -3.169088718125463201e-03 1.596381205740813724e-03 -2.229365436883446654e-04 -1.136502129557172129e-04 9.384392940650009788e-04
2.765694522370385044e+01 -2.436660537629908169e-02 -3.054891289555694642e-03 1.521720245346085089e-03 -2.313760884278270608e-04 -1.092746650900688454e-04 9.139441073601367073e-04
2.795437613503341012e+01 -2.341046066128459752e-02 -2.874563760526015546e-03 1.416149620357604272e-03 -2.437615020901192904e-04 -1.023713591052381532e-04 8.786674057616219698e-04
2.829825732537091909e+01 -2.228653092870691924e-02 -2.643369484212136980e-03 1.295117751632446097e-03 -2.581975101315332017e-04 -9.352995133645993159e-05 8.371776634472532282e-04
2.864213851570842095e+01 -2.115370505819605743e-02 -2.394442501797698110e-03 1.176707973928187807e-03 -2.720928448561964869e-04 -8.402109142256315125e-05 7.953342114444585933e-04
2.893956942703798063e+01 -2.017474695440115914e-02 -2.169943537944620839e-03 1.077457396438054674e-03 -2.832082018692467043e-04 -7.545495939662587748e-05 7.591527453845130355e-04
2.915035032915410085e+01 -1.948489700949712980e-02 -2.007972520005344135e-03 1.009317147372377566e-03 -2.903889206957229342e-04 -6.928065405210552627e-05 7.336437967988514771e-04
2.924528197880956171e+01 -1.917584172535249931e-02 -1.934648410573084612e-03 9.792890774243171153e-04 -2.934039832441954500e-04 -6.648729656663171462e-05 7.222121220428996203e-04
2.924528197880956171e+01 -1.917584172535249931e-02 -1.934648410573084612e-03 9.792890774243171153e-04 -2.934039832441954500e-04 -6.648729656663171462e-05 7.222121220428996203e-04
2.934021362846501901e+01 -1.886802014218912429e-02 -1.861245779274828347e-03 9.496945753320677449e-04 -2.962723366566627102e-04 -6.369208860211679946e-05 7.108238012234861791e-04
2.955099453058113923e+01 -1.818965596110817817e-02 -1.698501239244551951e-03 8.856046129475847375e-04 -3.020837649101567267e-04 -5.749899054487720508e-05 6.857183493033916413e-04
2.984842544191069891e+01 -1.724656209643530419e-02 -1.471072205125152675e-03 7.991679281904686457e-04 -3.088819664935095726e-04 -4.885522072189986273e-05 6.507952363415701403e-04
3.019230663224820077e+01 -1.618050325512270654e-02 -1.214388259462553061e-03 7.053605256604729770e-04 -3.145541804430515434e-04 -3.911705866279643418e-05 6.112873851327810986e-04
3.053618782258570974e+01 -1.514401055579618106e-02 -9.675695888005294296e-04 6.183249813328408999e-04 -3.177790663168756236e-04 -2.977417688838539524e-05 5.728394905614394607e-04
3.083361873391526942e+01 -1.427335732059255811e-02 -7.641144026889865222e-04 5.485524912283714586e-04 -3.185675722229525759e-04 -2.209173474310474589e-05 5.405125415868403073e-04
3.104439963603138963e+01 -1.367150725919114192e-02 -6.263773561350438829e-04 5.021789947246929576e-04 -3.180100483952541936e-04 -1.690261739102750808e-05 5.181478661908059825e-04
3.113933128568685049e+01 -1.340463578044636707e-02 -5.662211206100547112e-04 4.821166427378433526e-04 -3.174604878262721479e-04 -1.463975042994772702e-05 5.082257950202700558e-04
3.113933128568685049e+01 -1.340463578044636707e-02 -5.662211206100547112e-04 4.821166427378433526e-04 -3.174604878262721479e-04 -1.463975042994772702e-05 5.082257950202700558e-04
3.123426293534231135e+01 -1.314039038624513142e-02 -5.072786053847903702e-04 4.625606647376542878e-04 -3.167278729239348962e-04 -1.242480195429623212e-05 4.983980715008278764e-04
3.144504383745843867e+01 -1.256311900436363031e-02 -3.808957501324814854e-04 4.209288845663829702e-04 -3.144568224054851424e-04 -7.683974706237994210e-06 4.769164085542593515e-04
3.174247474878799125e+01 -1.177078535264064300e-02 -2.135529474528106964e-04 3.662941746391316336e-04 -3.097823303725363853e-04 -1.427566649765940698e-06 4.474028155604499674e-04
3.208635593912549666e+01 -1.088712866465134897e-02 -3.690173267037875118e-05 3.089254218235194067e-04 -3.023342546640728928e-04 5.143439329902098141e-06 4.144434442470178235e-04
3.243023712946300208e+01 -1.003789723116699922e-02 1.209566950952174671e-04 2.575007424541298309e-04 -2.928384707990098210e-04 1.097512196091575294e-05 3.827183804647398902e-04
3.272766804079255820e+01 -9.330695989287415837e-03 2.418925087401173693e-04 2.175816997074307788e-04 -2.831027260294469313e-04 1.540572980283183723e-05 3.562570562821194961e-04
3.293844894290869263e+01 -8.844601599306929282e-03 3.186810833330291914e-04 1.917358936006865631e-04 -2.754155106686751440e-04 1.819517928664294323e-05 3.380441747419003838e-04
3.303338059256414283e+01 -8.629705574243156166e-03 3.508282206052167887e-04 1.807349786332312501e-04 -2.717534447171624130e-04 1.935573605245778059e-05 3.299855838581848685e-04
3.303338059256414283e+01 -8.629705574243156166e-03 3.508282206052167887e-04 1.807349786332312501e-04 -2.717534447171624130e-04 1.935573605245778059e-05 3.299855838581848685e-04
3.312831224221960014e+01 -8.417290918928970259e-03 3.814552260422195010e-04 1.701219812615006768e-04 -2.679729932506906272e-04 2.045657003821767719e-05 3.220156703484511047e-04
3.333909314433572746e+01 -7.954449995768971340e-03 4.440059964990687833e-04 1.479113860920458403e-04 -2.591769625457333447e-04 2.268664707046923385e-05 3.046338190763852845e-04
3.363652405566527648e+01 -7.321701938271156854e-03 5.194491697709824893e-04 1.196308893330747306e-04 -2.458983568605183859e-04 2.532995886246007167e-05 2.808334785814908699e-04
3.398040524600278900e+01 -6.619367401210077446e-03 5.879777648581269731e-04 9.116503386876074067e-05 -2.294458068413888086e-04 2.765213959121569107e-05 2.543593940679622981e-04
3.432428643634028731e+01 -5.947939281834208926e-03 6.366016740705929483e-04 6.695212839870279470e-05 -2.120270123120398913e-04 2.919346463907725728e-05 2.289883603243337759e-04
3.462171734766985054e+01 -5.391952472196484374e-03 6.628588804364395765e-04 4.921415071624825864e-05 -1.963636347121791538e-04 2.990737883730150513e-05 2.079283849216661748e-04
3.483249824978597786e+01 -5.011852494505448542e-03 6.727933804158120045e-04 3.833461382659463120e-05 -1.850209434348593291e-04 3.007374871726379079e-05 1.935015801170447908e-04
3.492742989944144227e+01 -4.844452925311389969e-03 6.749699002153312965e-04 3.387193167842301078e-05 -1.798653178974807189e-04 3.005881197728067604e-05 1.871398822279429200e-04
3.492742989944144227e+01 -4.844452925311389969e-03 6.749699002153312965e-04 3.387193167842301078e-05 -1.798653178974807189e-04 3.005881197728067604e-05 1.871398822279429200e-04
3.502236154909689247e+01 -4.679422088958413474e-03 6.757457100142082911e-04 2.967215490843385850e-05 -1.746883573141538425e-04 2.998913949543399973e-05 1.808632167482053413e-04
3.523314245121301980e+01 -4.321539914055978586e-03 6.725720823597679558e-04 2.125589586326756414e-05 -1.631465045363933767e-04 2.964330640733705776e-05 1.672340799461240397e-04
3.553057336254258303e+01 -3.836931945753021492e-03 6.570816282575472293e-04 1.139918085669411308e-05 -1.468547719627590162e-04 2.872622851475119479e-05 1.487379384349414590e-04
3.587445455288008134e+01 -3.307414490841842272e-03 6.243333095097980271e-04 2.710592515584974922e-06 -1.282369513280608663e-04 2.708989693196104656e-05 1.284694070712771646e-04
3.621833574321758675e+01 -2.812629175219882524e-03 5.776468173656889313e-04 -3.386460732246078277e-06 -1.101436100776993565e-04 2.491611948018805203e-05 1.094701975655254023e-04
3.651576665454714288e+01 -2.414508385920707823e-03 5.280576953969749916e-04 -6.838963371685396491e-06 -9.515733687640002300e-05 2.268506128090425427e-05 9.413690022116908784e-05
3.672654755666326309e+01 -2.150191865593239528e-03 4.889406836241381917e-04 -8.402647469572313013e-06 -8.502626907235900716e-05 2.095549119845417313e-05 8.393271489201763571e-05
3.682147920631872040e+01 -2.036205946786477476e-03 4.705069672513131538e-04 -8.895810995678087770e-06 -8.061801651741167169e-05 2.014687287786167893e-05 7.952591561770462950e-05
3.682147920631872040e+01 -2.036205946786477476e-03 4.705069672513131538e-04 -8.895810995678087770e-06 -8.061801651741167169e-05 2.014687287786167893e-05 7.952591561770462950e-05
3.691641085597417771e+01 -1.925460978328960094e-03 4.516824626401700054e-04 -9.269858887221812106e-06 -7.631459808593714117e-05 1.932454663204110479e-05 7.524068337541863567e-05
3.712719175809031213e+01 -1.691524283636072334e-03 4.089256204250308279e-04 -9.718282086021590244e-06 -6.716461035895136486e-05 1.746741593518016871e-05 6.617614061583367219e-05
3.742462266941986115e+01 -1.390758370413108791e-03 3.479425484332198011e-04 -9.611387264055636898e-06 -5.530282348480704388e-05 1.483840223831211381e-05 5.449615922337040422e-05
3.776850385975736657e+01 -1.088269745498952933e-03 2.798160832774211518e-04 -8.729646881275752789e-06 -4.329471833497776622e-05 1.192126947954650781e-05 4.271802748415502070e-05
3.811238505009487199e+01 -8.363872264678951776e-04 2.180421203693047984e-04 -7.409499463132926805e-06 -3.326294402826648894e-05 9.289020018753302722e-06 3.288483517969746688e-05
3.840981596142442811e+01 -6.593846243531379303e-04 1.720660988318701125e-04 -6.170613368913966389e-06 -2.620905943917399694e-05 7.335640718617231444e-06 2.596010993042092887e-05
3.862059686354056254e+01 -5.557090102694429989e-04 1.442525376841799359e-04 -5.329750107515453166e-06 -2.207954212263061033e-05 6.155628732256044108e-06 2.189815413657735831e-05
3.871552851319601274e+01 -5.144381913325047273e-04 1.330224618472381078e-04 -4.972287769731470354e-06 -2.043659607700293771e-05 5.679441587345630497e-06 2.027991869947292451e-05
3.871552851319601274e+01 -5.144381913325047273e-04 1.330224618472381078e-04 -4.972287769731470354e-06 -2.043659607700293771e-05 5.679441587345630497e-06 2.027991869947292451e-05
3.881046016285147005e+01 -4.762537347441648107e-04 1.225643788944136205e-04 -4.630520299148932123e-06 -1.891711350508561880e-05 5.236076781016866215e-06 1.878203793630918512e-05
3.902124106496759737e+01 -4.012282602418431048e-04 1.018806920497080336e-04 -3.930261113138199517e-06 -1.593357225829049943e-05 4.359269263617773228e-06 1.583703799848831887e-05
3.931867197629715349e+01 -3.129548592569322070e-04 7.754564257978989168e-05 -3.066711874799965323e-06 -1.242412362462318789e-05 3.326679352340613454e-06 1.236552516254109484e-05
3.966255316663465891e+01 -2.249365204207206398e-04 5.390858061765277219e-05 -2.186741086825980288e-06 -8.927144049417323453e-06 2.320579478847771299e-06 8.897211355522606542e-06
4.000643435697215722e+01 -1.418132083655279760e-04 3.278439006797040622e-05 -1.363474025224921826e-06 -5.626989627781577034e-06 1.416500876671943733e-06 5.615263842448224601e-06
4.030386526830172045e+01 -7.129758056428298703e-05 1.595222089241108828e-05 -6.782257272689689234e-07 -2.828631763769877173e-06 6.915936971580165157e-07 2.825708077227627268e-06
4.051464617041784777e+01 -2.200875149964773501e-05 4.807123250244728523e-06 -2.076661991110044176e-07 -8.731097033822412950e-07 2.089377372924591554e-07 8.728339454607675315e-07
