-2.000000000000000000e+01 nan nan nan nan nan nan
-1.990506835034453914e+01 3.701629144824530315e-01 0.000000000000000000e+00 -2.578273801942461722e-04 0.000000000000000000e+00 -2.578273801942461722e-04 0.000000000000000000e+00
-1.969428744822841892e+01 3.701088576104614170e-01 0.000000000000000000e+00 -2.550921999642331091e-04 0.000000000000000000e+00 -2.550921999642331633e-04 0.000000000000000000e+00
-1.939685653689885925e+01 3.700335598161832440e-01 0.000000000000000000e+00 -2.512281843116094733e-04 0.000000000000000000e+00 -2.512281843116094190e-04 0.000000000000000000e+00
-1.905297534656135028e+01 3.699479362072825572e-01 0.000000000000000000e+00 -2.467543612814240101e-04 0.000000000000000000e+00 -2.467543612814240101e-04 0.000000000000000000e+00
-1.870909415622384842e+01 3.698638522160450637e-01 0.000000000000000000e+00 -2.422738485364891363e-04 0.000000000000000000e+00 -2.422738485364891363e-04 0.000000000000000000e+00
-1.841166324489428874e+01 3.697923694681468643e-01 0.000000000000000000e+00 -2.383932554971338860e-04 0.000000000000000000e+00 -2.383932554971338318e-04 0.000000000000000000e+00
-1.820088234277816142e+01 3.697424108192485237e-01 0.000000000000000000e+00 -2.356402660978824308e-04 0.000000000000000000e+00 -2.356402660978825392e-04 0.000000000000000000e+00
-1.810595069312271121e+01 3.697200999859289738e-01 0.000000000000000000e+00 -2.343995905137166637e-04 0.000000000000000000e+00 -2.343995905137166095e-04 0.000000000000000000e+00
-1.810595069312271121e+01 3.697200999859289738e-01 0.000000000000000000e+00 -2.343995905137166637e-04 0.000000000000000000e+00 -2.343995905137166095e-04 0.000000000000000000e+00
-1.801101904346725036e+01 3.696979069548873564e-01 0.000000000000000000e+00 -2.331584329785790896e-04 0.000000000000000000e+00 -2.331584329785790625e-04 0.000000000000000000e+00
-1.780023814135111948e+01 3.696490521835791299e-01 0.000000000000000000e+00 -2.304009273602657169e-04 0.000000000000000000e+00 -2.304009273602657169e-04 0.000000000000000000e+00
-1.750280723002157046e+01 3.695811029658860880e-01 0.000000000000000000e+00 -2.265058772087792216e-04 0.000000000000000000e+00 -2.265058772087791673e-04 0.000000000000000000e+00
-1.715892603968406149e+01 3.695039869667536281e-01 0.000000000000000000e+00 -2.219968527947492804e-04 0.000000000000000000e+00 -2.219968527947492804e-04 0.000000000000000000e+00
-1.681504484934655963e+01 3.694284225657021858e-01 0.000000000000000000e+00 -2.174818629492380551e-04 0.000000000000000000e+00 -2.174818629492380009e-04 0.000000000000000000e+00
-1.651761393801699995e+01 3.693643180823667493e-01 0.000000000000000000e+00 -2.135720302027359905e-04 0.000000000000000000e+00 -2.135720302027363157e-04 0.000000000000000000e+00
-1.630683303590087974e+01 3.693195934281132131e-01 0.000000000000000000e+00 -2.107986435500267691e-04 0.000000000000000000e+00 -2.107986435500325154e-04 0.000000000000000000e+00
-1.621190138624541888e+01 3.692996412833258191e-01 0.000000000000000000e+00 -2.095488689002625250e-04 0.000000000000000000e+00 -2.095488689002851848e-04 0.000000000000000000e+00
-1.621190138624541888e+01 3.692996412833258191e-01 0.000000000000000000e+00 -2.095488689002625250e-04 0.000000000000000000e+00 -2.095488689002851848e-04 0.000000000000000000e+00
-1.611696973658996157e+01 3.692798078020333996e-01 0.000000000000000000e+00 -2.082986664784619005e-04 0.000000000000000000e+00 -2.082986664785431885e-04 0.000000000000000000e+00
-1.590618883447383958e+01 3.692361950955795336e-01 0.000000000000000000e+00 -2.055212713001947251e-04 0.000000000000000000e+00 -2.055212713012162604e-04 0.000000000000000000e+00
-1.560875792314427990e+01 3.691756499764723420e-01 0.000000000000000000e+00 -2.015986066241403415e-04 0.000000000000000000e+00 -2.015986066446040070e-04 0.000000000000000000e+00
-1.526487673280676916e+01 3.691071045168249909e-01 0.000000000000000000e+00 -1.970583099369453402e-04 0.000000000000000000e+00 -1.970583102756098479e-04 0.000000000000000000e+00
-1.492099554246927084e+01 3.690401212941497588e-01 0.000000000000000000e+00 -1.925127437358178754e-04 0.000000000000000000e+00 -1.925127470071480494e-04 0.000000000000000000e+00
-1.462356463113970939e+01 3.689834472868177562e-01 0.000000000000000000e+00 -1.885770148403227036e-04 0.000000000000000000e+00 -1.885770315005702396e-04 0.000000000000000000e+00
-1.441278372902358029e+01 3.689439930636618792e-01 0.000000000000000000e+00 -1.857855718870648283e-04 0.000000000000000000e+00 -1.857856173140606522e-04 0.000000000000000000e+00
-1.431785207936813009e+01 3.689264158760176548e-01 0.000000000000000000e+00 -1.845277400982389638e-04 0.000000000000000000e+00 -1.845278090077615831e-04 0.000000000000000000e+00
-1.431785207936813009e+01 3.689264158760176548e-01 0.000000000000000000e+00 -1.845277400982389638e-04 0.000000000000000000e+00 -1.845278090077615831e-04 0.000000000000000000e+00
-1.422292042971266923e+01 3.689089581324653255e-01 0.000000000000000000e+00 -1.832695238909091257e-04 0.000000000000000000e+00 -1.832696263748260948e-04 0.000000000000000000e+00
-1.401213952759654013e+01 3.688706231841428207e-01 0.000000000000000000e+00 -1.804744732633539012e-04 0.000000000000000000e+00 -1.804747052272166784e-04 0.000000000000000000e+00
-1.371470861626698934e+01 3.688175321481304558e-01 0.000000000000000000e+00 -1.765271288269503272e-04 0.000000000000000000e+00 -1.765277726493516162e-04 0.000000000000000000e+00
-1.337082742592948037e+01 3.687576151311661721e-01 0.000000000000000000e+00 -1.719583447081067540e-04 0.000000000000000000e+00 -1.719601312697065037e-04 0.000000000000000000e+00
-1.302694623559198028e+01 3.686992724477075045e-01 0.000000000000000000e+00 -1.673837552213810174e-04 0.000000000000000000e+00 -1.673880685478065409e-04 0.000000000000000000e+00
-1.272951532426242061e+01 3.686500830382880012e-01 0.000000000000000000e+00 -1.634217877090884876e-04 0.000000000000000000e+00 -1.634302189374155050e-04 0.000000000000000000e+00
-1.251873442214630039e+01 3.686159401921450529e-01 0.000000000000000000e+00 -1.606106568455575954e-04 0.000000000000000000e+00 -1.606236315644080407e-04 0.000000000000000000e+00
-1.242380277249083953e+01 3.686007573378749513e-01 0.000000000000000000e+00 -1.593435574373469827e-04 0.000000000000000000e+00 -1.593591455424108361e-04 0.000000000000000000e+00
-1.242380277249083953e+01 3.686007573378749513e-01 0.000000000000000000e+00 -1.593435574373469827e-04 0.000000000000000000e+00 -1.593591455424108361e-04 0.000000000000000000e+00
-1.232887112283538045e+01 3.685856953939530278e-01 0.000000000000000000e+00 -1.580757770645115122e-04 0.000000000000000000e+00 -1.580943902079766155e-04 0.000000000000000000e+00
-1.211809022071924957e+01 3.685526855945361890e-01 0.000000000000000000e+00 -1.552582470274553724e-04 0.000000000000000000e+00 -1.552852832462047177e-04 0.000000000000000000e+00
-1.182065930938970055e+01 3.685071236247188797e-01 0.000000000000000000e+00 -1.512755773007992645e-04 0.000000000000000000e+00 -1.513194171407759880e-04 0.000000000000000000e+00
-1.147677811905218981e+01 3.684559364788393410e-01 0.000000000000000000e+00 -1.466592094296126695e-04 0.000000000000000000e+00 -1.467317616313439457e-04 0.000000000000000000e+00
-1.113289692871468084e+01 3.684063547570220476e-01 0.000000000000000000e+00 -1.420279624350545588e-04 0.000000000000000000e+00 -1.421421053323763072e-04 0.000000000000000000e+00
-1.083546601738513004e+01 3.683647713313282224e-01 0.000000000000000000e+00 -1.380082793316069281e-04 0.000000000000000000e+00 -1.381713475155400557e-04 0.000000000000000000e+00
-1.062468511526899917e+01 3.683360360723172966e-01 0.000000000000000000e+00 -1.351507628493216131e-04 0.000000000000000000e+00 -1.353570901547863990e-04 0.000000000000000000e+00
-1.052975346561355074e+01 3.683232936669326163e-01 0.000000000000000000e+00 -1.338611905792469752e-04 0.000000000000000000e+00 -1.340895853824562365e-04 0.000000000000000000e+00
-1.052975346561355074e+01 3.683232936669326163e-01 0.000000000000000000e+00 -1.338611905792469752e-04 0.000000000000000000e+00 -1.340895853824562365e-04 0.000000000000000000e+00
-1.043482181595808989e+01 3.683106753536374844e-01 0.000000000000000000e+00 -1.325699218598921578e-04 0.000000000000000000e+00 -1.328220964920877269e-04 0.000000000000000000e+00
-1.022404091384196079e+01 3.682831029136071632e-01 0.000000000000000000e+00 -1.296965126022288112e-04 0.000000000000000000e+00 -1.300079918456882805e-04 0.000000000000000000e+00
-9.926610002512406439e+00 3.682452417166096059e-01 0.000000000000000000e+00 -1.256260044667466540e-04 0.000000000000000000e+00 -1.260377701394456646e-04 0.000000000000000000e+00
-9.582728812174899247e+00 3.682030002158542259e-01 0.000000000000000000e+00 -1.208947447021270570e-04 0.000000000000000000e+00 -1.214493820361288830e-04 0.000000000000000000e+00
-9.238847621837393831e+00 3.681624099490342084e-01 0.000000000000000000e+00 -1.161344841202745318e-04 0.000000000000000000e+00 -1.168640509935352386e-04 0.000000000000000000e+00
-8.941416710507837706e+00 3.681286400543287707e-01 0.000000000000000000e+00 -1.119923625771867881e-04 0.000000000000000000e+00 -1.129014568568883884e-04 0.000000000000000000e+00
-8.730635808391712160e+00 3.681054621007862626e-01 0.000000000000000000e+00 -1.090424142875597469e-04 0.000000000000000000e+00 -1.100956298832899311e-04 0.000000000000000000e+00
-8.635704158736254854e+00 3.680952279010380468e-01 0.000000000000000000e+00 -1.077097847586508660e-04 0.000000000000000000e+00 -1.088326689474359687e-04 0.000000000000000000e+00
-8.635704158736254854e+00 3.680952279010380468e-01 0.000000000000000000e+00 -1.077097847586508660e-04 0.000000000000000000e+00 -1.088326689474359687e-04 0.000000000000000000e+00
-8.540772509080797548e+00 3.680851210184659661e-01 0.000000000000000000e+00 -1.063746226173811494e-04 0.000000000000000000e+00 -1.075702002451689590e-04 0.000000000000000000e+00
-8.329991606964672002e+00 3.680631360740594382e-01 0.000000000000000000e+00 -1.034009645992048658e-04 0.000000000000000000e+00 -1.047689899133420500e-04 0.000000000000000000e+00
-8.032560695635115877e+00 3.680331846775566351e-01 0.000000000000000000e+00 -9.918321746470398857e-05 0.000000000000000000e+00 -1.008212243784781210e-04 0.000000000000000000e+00
-7.688679505297609573e+00 3.680001228749679720e-01 0.000000000000000000e+00 -9.427500782849719682e-05 0.000000000000000000e+00 -9.626536762722591673e-05 0.000000000000000000e+00
-7.344798314960103269e+00 3.679687464944400022e-01 0.000000000000000000e+00 -8.933283907277469874e-05 0.000000000000000000e+00 -9.172010260083022582e-05 0.000000000000000000e+00
-7.047367403630547145e+00 3.679429714086875913e-01 0.000000000000000000e+00 -8.503118647442739063e-05 0.000000000000000000e+00 -8.779871694043848290e-05 0.000000000000000000e+00
-6.836586501514421599e+00 3.679254727576279360e-01 0.000000000000000000e+00 -8.196777057357173082e-05 0.000000000000000000e+00 -8.502606360721546447e-05 0.000000000000000000e+00
-6.741654851858964292e+00 3.679178000227117940e-01 0.000000000000000000e+00 -8.058406693702486513e-05 0.000000000000000000e+00 -8.377918667585040836e-05 0.000000000000000000e+00
-6.741654851858964292e+00 3.679178000227117940e-01 0.000000000000000000e+00 -8.058406693702486513e-05 0.000000000000000000e+00 -8.377918667585040836e-05 0.000000000000000000e+00
-6.646723202203506986e+00 3.679102568488775149e-01 0.000000000000000000e+00 -7.919790066599116370e-05 0.000000000000000000e+00 -8.253354450712151104e-05 0.000000000000000000e+00
-6.435942300087381440e+00 3.678939723339368917e-01 0.000000000000000000e+00 -7.611140568837140928e-05 0.000000000000000000e+00 -7.977248335133217932e-05 0.000000000000000000e+00
-6.138511388757825316e+00 3.678720845893984626e-01 0.000000000000000000e+00 -7.173584544162793703e-05 0.000000000000000000e+00 -7.588847017959649899e-05 0.000000000000000000e+00
-5.794630198420319012e+00 3.678483778162383588e-01 0.000000000000000000e+00 -6.664781832574870367e-05 0.000000000000000000e+00 -7.141810863800673902e-05 0.000000000000000000e+00
-5.450749008082812708e+00 3.678263972801765203e-01 0.000000000000000000e+00 -6.152889380664142279e-05 0.000000000000000000e+00 -6.697328287248041439e-05 0.000000000000000000e+00
-5.153318096753256583e+00 3.678087891234375628e-01 0.000000000000000000e+00 -5.707675500095490327e-05 0.000000000000000000e+00 -6.315321212467612448e-05 0.000000000000000000e+00
-4.942537194637131037e+00 3.677971050322749180e-01 0.000000000000000000e+00 -5.390804893805689418e-05 0.000000000000000000e+00 -6.046188583302173844e-05 0.000000000000000000e+00
-4.847605544981673731e+00 3.677920592125008548e-01 0.000000000000000000e+00 -5.247733628463570983e-05 0.000000000000000000e+00 -5.925452711984001755e-05 0.000000000000000000e+00
-4.847605544981673731e+00 3.677920592125008548e-01 0.000000000000000000e+00 -5.247733628463570983e-05 0.000000000000000000e+00 -5.925452711984001755e-05 0.000000000000000000e+00
-4.752673895326216424e+00 3.677871483587801804e-01 0.000000000000000000e+00 -5.104445972139722931e-05 0.000000000000000000e+00 -5.805033493952559950e-05 0.000000000000000000e+00
-4.541892993210089990e+00 3.677767289145654206e-01 0.000000000000000000e+00 -4.785559003805146675e-05 0.000000000000000000e+00 -5.538872416607926050e-05 0.000000000000000000e+00
-4.244462081880534754e+00 3.677631680664577019e-01 0.000000000000000000e+00 -4.334029436125354077e-05 0.000000000000000000e+00 -5.166428825989642686e-05 0.000000000000000000e+00
-3.900580891543028006e+00 3.677491645229477024e-01 0.000000000000000000e+00 -3.810305053162988304e-05 0.000000000000000000e+00 -4.741026777000259074e-05 0.000000000000000000e+00
-3.556699701205522146e+00 3.677369633291339146e-01 0.000000000000000000e+00 -3.285861987328199288e-05 0.000000000000000000e+00 -4.322035919527773183e-05 0.000000000000000000e+00
-3.259268789875966021e+00 3.677278641521652403e-01 0.000000000000000000e+00 -2.832848803332535130e-05 0.000000000000000000e+00 -3.965520816103551322e-05 0.000000000000000000e+00
-3.048487887759840032e+00 3.677222305103930999e-01 0.000000000000000000e+00 -2.512839808011917549e-05 0.000000000000000000e+00 -3.716537020439948517e-05 0.000000000000000000e+00
-2.953556238104383169e+00 3.677199132601827736e-01 0.000000000000000000e+00 -2.369146197197436095e-05 0.000000000000000000e+00 -3.605466712873381082e-05 0.000000000000000000e+00
-2.953556238104383169e+00 3.677199132601827736e-01 0.000000000000000000e+00 -2.369146197197436095e-05 0.000000000000000000e+00 -3.605466712873381082e-05 0.000000000000000000e+00
-2.858624588448925863e+00 3.677173980813446263e-01 0.000000000000000000e+00 -2.203035750532365502e-05 0.000000000000000000e+00 -3.477609104615680670e-05 0.000000000000000000e+00
-2.647843686332798985e+00 3.677124720712378614e-01 0.000000000000000000e+00 -1.836832958954379900e-05 0.000000000000000000e+00 -3.197670480674314673e-05 0.000000000000000000e+00
-2.350412775003244192e+00 3.677070431331395661e-01 0.000000000000000000e+00 -1.327786459064082791e-05 0.000000000000000000e+00 -2.812490984122527972e-05 0.000000000000000000e+00
-2.006531584665737000e+00 3.677029313648033093e-01 0.000000000000000000e+00 -7.539318392056699306e-06 0.000000000000000000e+00 -2.382690663700865830e-05 0.000000000000000000e+00
-1.662650394328230030e+00 3.677010576273974096e-01 0.000000000000000000e+00 -2.003856523738387775e-06 0.000000000000000000e+00 -1.970959392198512686e-05 0.000000000000000000e+00
-1.365219482998673906e+00 3.677011613259314471e-01 0.000000000000000000e+00 2.582805682784427615e-06 0.000000000000000000e+00 -1.630468735447151572e-05 0.000000000000000000e+00
-1.154438580882547916e+00 3.677021582304113023e-01 0.000000000000000000e+00 5.702866799841245609e-06 0.000000000000000000e+00 -1.398400882973716686e-05 0.000000000000000000e+00
-1.059506931227091053e+00 3.677028479494720004e-01 0.000000000000000000e+00 7.069647545223936063e-06 0.000000000000000000e+00 -1.296457787409576843e-05 0.000000000000000000e+00
-1.059506931227091053e+00 3.677028479494720004e-01 0.000000000000000000e+00 7.069647545223936063e-06 0.000000000000000000e+00 -1.296457787409576843e-05 0.000000000000000000e+00
-9.645752815716339690e-01 3.677036830522273370e-01 0.000000000000000000e+00 8.411378104740245632e-06 0.000000000000000000e+00 -1.196141592485755660e-05 0.000000000000000000e+00
-7.537943794555077570e-01 3.677060416585162250e-01 0.000000000000000000e+00 1.129711149969486529e-05 0.000000000000000000e+00 -9.793049755048074465e-06 0.000000000000000000e+00
-4.563634681259524095e-01 3.677104965994491548e-01 0.000000000000000000e+00 1.513859674137083031e-05 0.000000000000000000e+00 -6.874031809318124653e-06 0.000000000000000000e+00
-1.124822777884463970e-01 3.677171702046975188e-01 0.000000000000000000e+00 1.922608370380626811e-05 0.000000000000000000e+00 -3.707545926617152885e-06 0.000000000000000000e+00
2.313989125490595877e-01 3.677253229711595628e-01 0.000000000000000000e+00 2.292282521357033018e-05 0.000000000000000000e+00 -7.654783046267802254e-07 0.000000000000000000e+00
5.288298238786148797e-01 3.677334428285678469e-01 0.000000000000000000e+00 2.580551252153498568e-05 0.000000000000000000e+00 1.599902860594427100e-06 0.000000000000000000e+00
7.396107259947408696e-01 3.677397378369372527e-01 0.000000000000000000e+00 2.767594426735218123e-05 0.000000000000000000e+00 3.177379545537540745e-06 0.000000000000000000e+00
8.345423756501979540e-01 3.677427084685457870e-01 0.000000000000000000e+00 2.847301327253297837e-05 0.000000000000000000e+00 3.861582557763501679e-06 0.000000000000000000e+00
8.345423756501979540e-01 3.677427084685457870e-01 0.000000000000000000e+00 2.847301327253297837e-05 0.000000000000000000e+00 3.861582557763501679e-06 0.000000000000000000e+00
9.294740253056549273e-01 3.677457588475079309e-01 0.000000000000000000e+00 2.924264547219568067e-05 0.000000000000000000e+00 4.529723905511482344e-06 0.000000000000000000e+00
1.140254927421781916e+00 3.677528016830226010e-01 0.000000000000000000e+00 3.085637885167501784e-05 0.000000000000000000e+00 5.956803381153576138e-06 0.000000000000000000e+00
1.437685838751336931e+00 3.677633219259325847e-01 0.000000000000000000e+00 3.292221964071072391e-05 0.000000000000000000e+00 7.842095127547502254e-06 0.000000000000000000e+00
1.781567029088843901e+00 3.677762368326243370e-01 0.000000000000000000e+00 3.502958456072119170e-05 0.000000000000000000e+00 9.843358438406890769e-06 0.000000000000000000e+00
2.125448219426350871e+00 3.677898494899956572e-01 0.000000000000000000e+00 3.687171231806704575e-05 0.000000000000000000e+00 1.166532584365713131e-05 0.000000000000000000e+00
2.422879130755906996e+00 3.678021100163828550e-01 0.000000000000000000e+00 3.828093444199845576e-05 0.000000000000000000e+00 1.310684258300715109e-05 0.000000000000000000e+00
2.633660032872032986e+00 3.678110400643634370e-01 0.000000000000000000e+00 3.919041261588496368e-05 0.000000000000000000e+00 1.405802728429129314e-05 0.000000000000000000e+00
2.728591682527489848e+00 3.678151219914352898e-01 0.000000000000000000e+00 3.957846797170642945e-05 0.000000000000000000e+00 1.446832478793781567e-05 0.000000000000000000e+00
2.728591682527489848e+00 3.678151219914352898e-01 0.000000000000000000e+00 3.957846797170642945e-05 0.000000000000000000e+00 1.446832478793781567e-05 0.000000000000000000e+00
2.823523332182947154e+00 3.678192391778626336e-01 0.000000000000000000e+00 3.995416795624386720e-05 0.000000000000000000e+00 1.486777827378380494e-05 0.000000000000000000e+00
3.034304234299074032e+00 3.678285002623318811e-01 0.000000000000000000e+00 4.074770652576560788e-05 0.000000000000000000e+00 1.571732684718086349e-05 0.000000000000000000e+00
3.331735145628628825e+00 3.678418281462871309e-01 0.000000000000000000e+00 4.178386050641786037e-05 0.000000000000000000e+00 1.683325258932320926e-05 0.000000000000000000e+00
3.675616335966135129e+00 3.678575798299575927e-01 0.000000000000000000e+00 4.288195456205178983e-05 0.000000000000000000e+00 1.801210206699788567e-05 0.000000000000000000e+00
4.019497526303640988e+00 3.678736621133208984e-01 0.000000000000000000e+00 4.389696191982978783e-05 0.000000000000000000e+00 1.908269826671169880e-05 0.000000000000000000e+00
4.316928437633196225e+00 3.678878156718565218e-01 0.000000000000000000e+00 4.472438355386809683e-05 0.000000000000000000e+00 1.992974321701733318e-05 0.000000000000000000e+00
4.527709339749321771e+00 3.678979740213673133e-01 0.000000000000000000e+00 4.528921674880335334e-05 0.000000000000000000e+00 2.048945340236465047e-05 0.000000000000000000e+00
4.622640989404779077e+00 3.679025825150754048e-01 0.000000000000000000e+00 4.553890732199072287e-05 0.000000000000000000e+00 2.073122168035302100e-05 0.000000000000000000e+00
4.622640989404779077e+00 3.679025825150754048e-01 0.000000000000000000e+00 4.553890732199072287e-05 0.000000000000000000e+00 2.073122168035302100e-05 0.000000000000000000e+00
4.717572639060236384e+00 3.679072112655973337e-01 0.000000000000000000e+00 4.578609955932868187e-05 0.000000000000000000e+00 2.096684933600307724e-05 0.000000000000000000e+00
4.928353541176362818e+00 3.679175596742961796e-01 0.000000000000000000e+00 4.632738160144981275e-05 0.000000000000000000e+00 2.146897578681466340e-05 0.000000000000000000e+00
5.225784452505918942e+00 3.679323245516092356e-01 0.000000000000000000e+00 4.707771170494856594e-05 0.000000000000000000e+00 2.213117976021026939e-05 0.000000000000000000e+00
5.569665642843425246e+00 3.679496255605675947e-01 0.000000000000000000e+00 4.793309376322526898e-05 0.000000000000000000e+00 2.283499215282378721e-05 0.000000000000000000e+00
5.913546833180932438e+00 3.679671680649767573e-01 0.000000000000000000e+00 4.878298373700622409e-05 0.000000000000000000e+00 2.347905174827272015e-05 0.000000000000000000e+00
6.210977744510487675e+00 3.679825331930376975e-01 0.000000000000000000e+00 4.951837574144932311e-05 0.000000000000000000e+00 2.399266080452602056e-05 0.000000000000000000e+00
6.421758646626614109e+00 3.679935293694052145e-01 0.000000000000000000e+00 5.004149021828791676e-05 0.000000000000000000e+00 2.433431805116822460e-05 0.000000000000000000e+00
6.516690296282071415e+00 3.679985108802644178e-01 0.000000000000000000e+00 5.027790121281024285e-05 0.000000000000000000e+00 2.448251379301396351e-05 0.000000000000000000e+00
6.516690296282071415e+00 3.679985108802644178e-01 0.000000000000000000e+00 5.027790121281024285e-05 0.000000000000000000e+00 2.448251379301396351e-05 0.000000000000000000e+00
6.611621945937527833e+00 3.680035104339625107e-01 0.000000000000000000e+00 5.051491300042248176e-05 0.000000000000000000e+00 2.462732476826069529e-05 0.000000000000000000e+00
6.822402848053654267e+00 3.680146757330597929e-01 0.000000000000000000e+00 5.104360901107916210e-05 0.000000000000000000e+00 2.493723853429597205e-05 0.000000000000000000e+00
7.119833759383210392e+00 3.680305828455543438e-01 0.000000000000000000e+00 5.179627872334808896e-05 0.000000000000000000e+00 2.534891760143060475e-05 0.000000000000000000e+00
7.463714949720715808e+00 3.680491969499038452e-01 0.000000000000000000e+00 5.267758255051840775e-05 0.000000000000000000e+00 2.579054962038714469e-05 0.000000000000000000e+00
7.807596140058222112e+00 3.680680518142244728e-01 0.000000000000000000e+00 5.357198178523053274e-05 0.000000000000000000e+00 2.619878423985738612e-05 0.000000000000000000e+00
8.105027051387777348e+00 3.680845557315688410e-01 0.000000000000000000e+00 5.435671925469713498e-05 0.000000000000000000e+00 2.652741837825134673e-05 0.000000000000000000e+00
8.315807953503902894e+00 3.680963624976870685e-01 0.000000000000000000e+00 5.491925075542635881e-05 0.000000000000000000e+00 2.674766322222382712e-05 0.000000000000000000e+00
8.410739603159360200e+00 3.681017102565883881e-01 0.000000000000000000e+00 5.517435207444984589e-05 0.000000000000000000e+00 2.684362246313312458e-05 0.000000000000000000e+00
8.410739603159360200e+00 3.681017102565883881e-01 0.000000000000000000e+00 5.517435207444984589e-05 0.000000000000000000e+00 2.684362246313312458e-05 0.000000000000000000e+00
8.505671252814817507e+00 3.681070768539992377e-01 0.000000000000000000e+00 5.543053927169236774e-05 0.000000000000000000e+00 2.693764742674070755e-05 0.000000000000000000e+00
8.716452154930943053e+00 3.681190601448891542e-01 0.000000000000000000e+00 5.600323433073826381e-05 0.000000000000000000e+00 2.713975353872207736e-05 0.000000000000000000e+00
9.013883066260499177e+00 3.681361290824486932e-01 0.000000000000000000e+00 5.682036153395828303e-05 0.000000000000000000e+00 2.741016221691314038e-05 0.000000000000000000e+00
9.357764256598006369e+00 3.681560979917700704e-01 0.000000000000000000e+00 5.777797828616896441e-05 0.000000000000000000e+00 2.770284726577939308e-05 0.000000000000000000e+00
9.701645446935513561e+00 3.681763200788324419e-01 0.000000000000000000e+00 5.874896884868138373e-05 0.000000000000000000e+00 2.797594532899235774e-05 0.000000000000000000e+00
9.999076358265069686e+00 3.681940162075046374e-01 0.000000000000000000e+00 5.959916004715374221e-05 0.000000000000000000e+00 2.819767403063704443e-05 0.000000000000000000e+00
1.020985726038120056e+01 3.682066729887058520e-01 0.000000000000000000e+00 6.020725172862300095e-05 0.000000000000000000e+00 2.834725581749992623e-05 0.000000000000000000e+00
1.030478891003665076e+01 3.682124048940385586e-01 0.000000000000000000e+00 6.048259040792603456e-05 0.000000000000000000e+00 2.841268206675312902e-05 0.000000000000000000e+00
1.030478891003665076e+01 3.682124048768374847e-01 0.000000000000000000e+00 -3.657459402869744913e-02 0.000000000000000000e+00 2.841268206234704997e-05 0.000000000000000000e+00
1.039972055969210984e+01 3.647707751276440535e-01 0.000000000000000000e+00 -3.597660277709693183e-02 0.000000000000000000e+00 2.847694223480392293e-05 0.000000000000000000e+00
1.061050146180824072e+01 3.573414235737936151e-01 0.000000000000000000e+00 -3.469780864206058885e-02 0.000000000000000000e+00 2.861559045192757505e-05 0.000000000000000000e+00
1.090793237313778974e+01 3.473314166275621728e-01 0.000000000000000000e+00 -3.300138979819246948e-02 0.000000000000000000e+00 2.880223863485982768e-05 0.000000000000000000e+00
1.125181356347530048e+01 3.364021148170309172e-01 0.000000000000000000e+00 -3.118488511019984824e-02 0.000000000000000000e+00 2.900579159966287855e-05 0.000000000000000000e+00
1.159569475381280057e+01 3.261104153640252412e-01 0.000000000000000000e+00 -2.950935890764486494e-02 0.000000000000000000e+00 2.919721252670779224e-05 0.000000000000000000e+00
1.189312566514236025e+01 3.176842586589460060e-01 0.000000000000000000e+00 -2.816347620745550742e-02 0.000000000000000000e+00 2.935372464000718059e-05 0.000000000000000000e+00
1.210390656725848046e+01 3.119625699584863687e-01 0.000000000000000000e+00 -2.726315381127442788e-02 0.000000000000000000e+00 2.945988224415273037e-05 0.000000000000000000e+00
1.219883821691393955e+01 3.094501881334668081e-01 0.000000000000000000e+00 -2.687134458863192632e-02 0.000000000000000000e+00 2.950646275085428956e-05 0.000000000000000000e+00
1.219883821691393955e+01 3.094501881334668081e-01 0.000000000000000000e+00 -2.687134458863192632e-02 0.000000000000000000e+00 2.950646275085428956e-05 0.000000000000000000e+00
1.229376986656940041e+01 3.069766867705688296e-01 0.000000000000000000e+00 -2.648771646558191473e-02 0.000000000000000000e+00 2.955230170101287414e-05 0.000000000000000000e+00
1.250455076868552062e+01 3.016195169949359434e-01 0.000000000000000000e+00 -2.566411112927920873e-02 0.000000000000000000e+00 2.965150697934459143e-05 0.000000000000000000e+00
1.280198168001508030e+01 2.943624525239364464e-01 0.000000000000000000e+00 -2.456447385602446992e-02 0.000000000000000000e+00 2.978572200499206860e-05 0.000000000000000000e+00
1.314586287035258927e+01 2.863862953309109782e-01 0.000000000000000000e+00 -2.337755229363176410e-02 0.000000000000000000e+00 2.993298304382504394e-05 0.000000000000000000e+00
1.348974406069008936e+01 2.788236621974227170e-01 0.000000000000000000e+00 -2.227352978561043459e-02 0.000000000000000000e+00 3.007233576119371270e-05 0.000000000000000000e+00
1.378717497201965081e+01 2.725933601236956716e-01 0.000000000000000000e+00 -2.137990912039929373e-02 0.000000000000000000e+00 3.018691537238762519e-05 0.000000000000000000e+00
1.399795587413577991e+01 2.683424828221437353e-01 0.000000000000000000e+00 -2.077856727335736231e-02 0.000000000000000000e+00 3.026496529711008435e-05 0.000000000000000000e+00
1.409288752379123011e+01 2.664706669158790064e-01 0.000000000000000000e+00 -2.051594853560537168e-02 0.000000000000000000e+00 3.029929878504740239e-05 0.000000000000000000e+00
1.409288752379123011e+01 2.664706669158790064e-01 0.000000000000000000e+00 -2.051594853560537168e-02 0.000000000000000000e+00 3.029929878504740239e-05 0.000000000000000000e+00
1.418781917344668919e+01 2.646246461630968883e-01 0.000000000000000000e+00 -2.025825920048651349e-02 0.000000000000000000e+00 3.033313744114945042e-05 0.000000000000000000e+00
1.439860007556282007e+01 2.606155859072626368e-01 0.000000000000000000e+00 -1.970313684780464550e-02 0.000000000000000000e+00 3.040654859269351272e-05 0.000000000000000000e+00
1.469603098689237086e+01 2.551605739387859395e-01 0.000000000000000000e+00 -1.895780695091695001e-02 0.000000000000000000e+00 3.050625625155849145e-05 0.000000000000000000e+00
1.503991217722987983e+01 2.491322940467918801e-01 0.000000000000000000e+00 -1.814773904397999280e-02 0.000000000000000000e+00 3.061617824946212616e-05 0.000000000000000000e+00
1.538379336756739058e+01 2.433841470883552904e-01 0.000000000000000000e+00 -1.738878736361202521e-02 0.000000000000000000e+00 3.072070789030810240e-05 0.000000000000000000e+00
1.568122427889693959e+01 2.386244423667434889e-01 0.000000000000000000e+00 -1.677042987930501758e-02 0.000000000000000000e+00 3.080703186426546981e-05 0.000000000000000000e+00
1.589200518101307047e+01 2.353641467644859153e-01 0.000000000000000000e+00 -1.635219920875538580e-02 0.000000000000000000e+00 3.086603111123560947e-05 0.000000000000000000e+00
1.598693683066852955e+01 2.339251874818868426e-01 0.000000000000000000e+00 -1.616899852556471368e-02 0.000000000000000000e+00 3.089203515031729668e-05 0.000000000000000000e+00
1.598693683066852955e+01 2.339251874818868426e-01 0.000000000000000000e+00 -1.616899852556471368e-02 0.000000000000000000e+00 3.089203515031729668e-05 0.000000000000000000e+00
1.608186848032397975e+01 2.325040461957065818e-01 0.000000000000000000e+00 -1.598890529322003276e-02 0.000000000000000000e+00 3.091769487906213684e-05 0.000000000000000000e+00
1.629264938244011063e+01 2.294107735074067123e-01 0.000000000000000000e+00 -1.559980814932252803e-02 0.000000000000000000e+00 3.097346664657893211e-05 0.000000000000000000e+00
1.659008029376967031e+01 2.251864133118273437e-01 0.000000000000000000e+00 -1.507488837089743065e-02 0.000000000000000000e+00 3.104944619202665892e-05 0.000000000000000000e+00
1.693396148410716862e+01 2.204970872551731131e-01 0.000000000000000000e+00 -1.450100267574892625e-02 0.000000000000000000e+00 3.113351782612437516e-05 0.000000000000000000e+00
1.727784267444468114e+01 2.160047426597100917e-01 0.000000000000000000e+00 -1.396001008037843147e-02 0.000000000000000000e+00 3.121376682380988852e-05 0.000000000000000000e+00
1.757527358577423016e+01 2.122691636853242803e-01 0.000000000000000000e+00 -1.351676490876780289e-02 0.000000000000000000e+00 3.128026143002637515e-05 0.000000000000000000e+00
1.778605448789036103e+01 2.097020301405151388e-01 0.000000000000000000e+00 -1.321567251296493391e-02 0.000000000000000000e+00 3.132582392776080507e-05 0.000000000000000000e+00
1.788098613754581834e+01 2.085668252490341379e-01 0.000000000000000000e+00 -1.308344456482959245e-02 0.000000000000000000e+00 3.134593557565057382e-05 0.000000000000000000e+00
1.788098613754581834e+01 2.085668252490341379e-01 0.000000000000000000e+00 -1.308344456482959245e-02 0.000000000000000000e+00 3.134593557565057382e-05 0.000000000000000000e+00
1.797591778720127920e+01 2.074443592202559750e-01 0.000000000000000000e+00 -1.295325557721545458e-02 0.000000000000000000e+00 3.136579884987423963e-05 0.000000000000000000e+00
1.818669868931739941e+01 2.049966308035328644e-01 0.000000000000000000e+00 -1.267127768546333008e-02 0.000000000000000000e+00 3.140903329045284981e-05 0.000000000000000000e+00
1.848412960064695909e+01 2.016436878520471987e-01 0.000000000000000000e+00 -1.228931845748498092e-02 0.000000000000000000e+00 3.146806786856167285e-05 0.000000000000000000e+00
1.882801079098446095e+01 1.979077596961801855e-01 0.000000000000000000e+00 -1.186962788426048840e-02 0.000000000000000000e+00 3.153357069527752530e-05 0.000000000000000000e+00
1.917189198132196992e+01 1.943148206289327939e-01 0.000000000000000000e+00 -1.147191275892980866e-02 0.000000000000000000e+00 3.159627139850081415e-05 0.000000000000000000e+00
1.946932289265151894e+01 1.913166051703215076e-01 0.000000000000000000e+00 -1.114450202934937420e-02 0.000000000000000000e+00 3.164835477892825340e-05 0.000000000000000000e+00
1.968010379476764982e+01 1.892505899942053815e-01 0.000000000000000000e+00 -1.092127295678545391e-02 0.000000000000000000e+00 3.168410971023262858e-05 0.000000000000000000e+00
1.977503544442310002e+01 1.883355155671573855e-01 0.000000000000000000e+00 -1.082302520840225379e-02 0.000000000000000000e+00 3.169990944972218475e-05 0.000000000000000000e+00
1.977503544442310002e+01 1.883355155671573855e-01 0.000000000000000000e+00 -1.082302520840225379e-02 0.000000000000000000e+00 3.169990944972218475e-05 0.000000000000000000e+00
1.986996709407856088e+01 1.874298203729172219e-01 0.000000000000000000e+00 -1.072616300926569274e-02 0.000000000000000000e+00 3.171552436797965102e-05 0.000000000000000000e+00
2.008074799619469175e+01 1.854517155454306621e-01 0.000000000000000000e+00 -1.051592211128557670e-02 0.000000000000000000e+00 3.174954701210105836e-05 0.000000000000000000e+00
2.037817890752424077e+01 1.827351621192173370e-01 0.000000000000000000e+00 -1.023014454338819386e-02 0.000000000000000000e+00 3.179608042438719368e-05 0.000000000000000000e+00
2.072206009786174974e+01 1.796988117721056988e-01 0.000000000000000000e+00 -9.914787295484710911e-03 0.000000000000000000e+00 3.184781491856143244e-05 0.000000000000000000e+00
2.106594128819925871e+01 1.767691209140854758e-01 0.000000000000000000e+00 -9.614599742866620363e-03 0.000000000000000000e+00 3.189743519779641621e-05 0.000000000000000000e+00
2.136337219952881128e+01 1.743171215304970267e-01 0.000000000000000000e+00 -9.366467466495722108e-03 0.000000000000000000e+00 3.193872485243987567e-05 0.000000000000000000e+00
2.157415310164493860e+01 1.726236219176499331e-01 0.000000000000000000e+00 -9.196755259486317016e-03 0.000000000000000000e+00 3.196710671321291295e-05 0.000000000000000000e+00
2.166908475130039946e+01 1.718725253849250345e-01 0.000000000000000000e+00 -9.121921504584082699e-03 0.000000000000000000e+00 3.197965771416137282e-05 0.000000000000000000e+00
2.166908475130039946e+01 1.718725253849250345e-01 0.000000000000000000e+00 -9.121921504584082699e-03 0.000000000000000000e+00 3.197965771416137282e-05 0.000000000000000000e+00
2.176401640095584966e+01 1.711285108177935388e-01 0.000000000000000000e+00 -9.048058465904885300e-03 0.000000000000000000e+00 3.199206744561177318e-05 0.000000000000000000e+00
2.197479730307198054e+01 1.695013871724002641e-01 0.000000000000000000e+00 -8.887445300690448996e-03 0.000000000000000000e+00 3.201912526859324786e-05 0.000000000000000000e+00
2.227222821440154021e+01 1.672620252599894830e-01 0.000000000000000000e+00 -8.668473892334965791e-03 0.000000000000000000e+00 3.205617351486982330e-05 0.000000000000000000e+00
2.261610940473903852e+01 1.647523943998782658e-01 0.000000000000000000e+00 -8.425945757320023322e-03 0.000000000000000000e+00 3.209741583746983997e-05 0.000000000000000000e+00
2.295999059507655105e+01 1.623242089120575937e-01 0.000000000000000000e+00 -8.194192320150631148e-03 0.000000000000000000e+00 3.213702265352148840e-05 0.000000000000000000e+00
2.325742150640610006e+01 1.602868322543679613e-01 0.000000000000000000e+00 -8.001953957179997606e-03 0.000000000000000000e+00 3.217001504458822059e-05 0.000000000000000000e+00
2.346820240852223094e+01 1.588769571966183458e-01 0.000000000000000000e+00 -7.870112564835624741e-03 0.000000000000000000e+00 3.219271086790527730e-05 0.000000000000000000e+00
2.356313405817768825e+01 1.582509331113119144e-01 0.000000000000000000e+00 -7.811883919087004788e-03 0.000000000000000000e+00 3.220275169017488193e-05 0.000000000000000000e+00
2.356313405817768825e+01 1.582509331113119977e-01 0.000000000000000000e+00 -7.811883919087011727e-03 0.000000000000000000e+00 3.220275169017490225e-05 0.000000000000000000e+00
2.365806570783314910e+01 1.575125929566484062e-01 0.000000000000000000e+00 -7.743455985024862674e-03 0.000000000000000000e+00 3.221456414899397943e-05 0.000000000000000000e+00
2.386884660994926932e+01 1.558961829893404094e-01 0.000000000000000000e+00 -7.594587923627933550e-03 0.000000000000000000e+00 3.224030877626068704e-05 0.000000000000000000e+00
2.416627752127882900e+01 1.536677221013171557e-01 0.000000000000000000e+00 -7.391469265676828965e-03 0.000000000000000000e+00 3.227552946644237432e-05 0.000000000000000000e+00
2.451015871161633086e+01 1.511648627497371444e-01 0.000000000000000000e+00 -7.166281060581532886e-03 0.000000000000000000e+00 3.231466883025894027e-05 0.000000000000000000e+00
2.485403990195383983e+01 1.487342575932242561e-01 0.000000000000000000e+00 -6.950586555763371005e-03 0.000000000000000000e+00 3.235140507799305599e-05 0.000000000000000000e+00
2.515147081328339951e+01 1.466706360624911998e-01 0.000000000000000000e+00 -6.769777856169245135e-03 0.000000000000000000e+00 3.237735159180982328e-05 0.000000000000000000e+00
2.536225171539951972e+01 1.452091243075151750e-01 0.000000000000000000e+00 -6.643009603683828687e-03 0.000000000000000000e+00 3.238785689213548828e-05 0.000000000000000000e+00
2.545718336505498058e+01 1.445457100153816621e-01 0.000000000000000000e+00 -6.585817038712533066e-03 0.000000000000000000e+00 3.238919619035553763e-05 0.000000000000000000e+00
2.545718336505498058e+01 1.445457100153816621e-01 0.000000000000000000e+00 -6.585817038712533066e-03 0.000000000000000000e+00 3.238919619035553763e-05 0.000000000000000000e+00
2.555211501471044144e+01 1.438766451438179828e-01 0.000000000000000000e+00 -6.528358517300597921e-03 0.000000000000000000e+00 3.238784856861459964e-05 0.000000000000000000e+00
2.576289591682656877e+01 1.423622877540322296e-01 0.000000000000000000e+00 -6.399126348163680818e-03 0.000000000000000000e+00 3.237314534524261963e-05 0.000000000000000000e+00
2.606032682815612134e+01 1.401300828817057531e-01 0.000000000000000000e+00 -6.210705776726992144e-03 0.000000000000000000e+00 3.231790234446672047e-05 0.000000000000000000e+00
2.640420801849363031e+01 1.373645939920253300e-01 0.000000000000000000e+00 -5.980705857492775793e-03 0.000000000000000000e+00 3.219146878794375012e-05 0.000000000000000000e+00
2.674808920883112862e+01 1.343656274085271718e-01 0.000000000000000000e+00 -5.735620640932514828e-03 0.000000000000000000e+00 3.198727270435207815e-05 0.000000000000000000e+00
2.704552012016068829e+01 1.315723408142132622e-01 0.000000000000000000e+00 -5.511441795179113264e-03 0.000000000000000000e+00 3.174331246155350216e-05 0.000000000000000000e+00
2.725630102227681917e+01 1.294819751507977901e-01 0.000000000000000000e+00 -5.346286935953197331e-03 0.000000000000000000e+00 3.153193286037020231e-05 0.000000000000000000e+00
2.735123267193226937e+01 1.285114735380902540e-01 0.000000000000000000e+00 -5.270374528677762571e-03 0.000000000000000000e+00 3.142637083058461006e-05 0.000000000000000000e+00
2.735123267193226937e+01 1.285114735380902540e-01 0.000000000000000000e+00 -5.270374528677762571e-03 0.000000000000000000e+00 3.142637083058461006e-05 0.000000000000000000e+00
2.744616432158773023e+01 1.275235225355662028e-01 0.000000000000000000e+00 -5.193597480363061278e-03 0.000000000000000000e+00 3.131445039947266043e-05 0.000000000000000000e+00
2.765694522370385044e+01 1.252700677311190391e-01 0.000000000000000000e+00 -5.020370660604033843e-03 0.000000000000000000e+00 3.104360965102198128e-05 0.000000000000000000e+00
2.795437613503341012e+01 1.219599270875775937e-01 0.000000000000000000e+00 -4.770728575611830891e-03 0.000000000000000000e+00 3.061079272752781295e-05 0.000000000000000000e+00
2.829825732537091909e+01 1.179656500958651960e-01 0.000000000000000000e+00 -4.477186453904901699e-03 0.000000000000000000e+00 3.004089082157985279e-05 0.000000000000000000e+00
2.864213851570842095e+01 1.138217540074883266e-01 0.000000000000000000e+00 -4.181635428602022315e-03 0.000000000000000000e+00 2.940257117906788724e-05 0.000000000000000000e+00
2.893956942703798063e+01 1.101404389675246787e-01 0.000000000000000000e+00 -3.926830684443276438e-03 0.000000000000000000e+00 2.880040999422989325e-05 0.000000000000000000e+00
2.915035032915410085e+01 1.074877956563023707e-01 0.000000000000000000e+00 -3.747787817396929042e-03 0.000000000000000000e+00 2.834800384032308616e-05 0.000000000000000000e+00
2.924528197880956171e+01 1.062831575678344354e-01 0.000000000000000000e+00 -3.667748763783776865e-03 0.000000000000000000e+00 2.813774447444812124e-05 0.000000000000000000e+00
2.924528197880956171e+01 1.062831575678344354e-01 0.000000000000000000e+00 -3.667748763783776865e-03 0.000000000000000000e+00 2.813774447444812124e-05 0.000000000000000000e+00
2.934021362846501901e+01 1.050730948282974919e-01 0.000000000000000000e+00 -3.588150624149481684e-03 0.000000000000000000e+00 2.792362402916168123e-05 0.000000000000000000e+00
2.955099453058113923e+01 1.023694626996732859e-01 0.000000000000000000e+00 -3.413218812353604505e-03 0.000000000000000000e+00 2.743501022668999934e-05 0.000000000000000000e+00
2.984842544191069891e+01 9.852305023980750809e-02 0.000000000000000000e+00 -3.171325610516315466e-03 0.000000000000000000e+00 2.671662489959749444e-05 0.000000000000000000e+00
3.019230663224820077e+01 9.404542439235887008e-02 0.000000000000000000e+00 -2.900149858658591148e-03 0.000000000000000000e+00 2.584773536239760069e-05 0.000000000000000000e+00
3.053618782258570974e+01 8.955127029756985990e-02 0.000000000000000000e+00 -2.639348410476946398e-03 0.000000000000000000e+00 2.494200558406294572e-05 0.000000000000000000e+00
3.083361873391526942e+01 8.566177345660969111e-02 0.000000000000000000e+00 -2.422924954017936176e-03 0.000000000000000000e+00 2.413188252472612562e-05 0.000000000000000000e+00
3.104439963603138963e+01 8.290850020250550845e-02 0.000000000000000000e+00 -2.274977982289715789e-03 0.000000000000000000e+00 2.354401364107786779e-05 0.000000000000000000e+00
3.113933128568685049e+01 8.167005770841914702e-02 0.000000000000000000e+00 -2.209858693416474722e-03 0.000000000000000000e+00 2.327573681892986104e-05 0.000000000000000000e+00
3.113933128568685049e+01 8.167005770841914702e-02 0.000000000000000000e+00 -2.209858693416474722e-03 0.000000000000000000e+00 2.327573681892986104e-05 0.000000000000000000e+00
3.123426293534231135e+01 8.043286873982979923e-02 0.000000000000000000e+00 -2.145693703147746791e-03 0.000000000000000000e+00 2.300536052231939299e-05 0.000000000000000000e+00
3.144504383745843867e+01 7.769125463485564154e-02 0.000000000000000000e+00 -2.006680156742360246e-03 0.000000000000000000e+00 2.239779824999548816e-05 0.000000000000000000e+00
3.174247474878799125e+01 7.383802034351412413e-02 0.000000000000000000e+00 -1.818743999224642967e-03 0.000000000000000000e+00 2.152439312260522828e-05 0.000000000000000000e+00
3.208635593912549666e+01 6.941065007814925525e-02 0.000000000000000000e+00 -1.613629286430721260e-03 0.000000000000000000e+00 2.049279359236927180e-05 0.000000000000000000e+00
3.243023712946300208e+01 6.501839412915259853e-02 0.000000000000000000e+00 -1.421685380030901936e-03 0.000000000000000000e+00 1.943969474609272871e-05 0.000000000000000000e+00
3.272766804079255820e+01 6.125169511939357325e-02 0.000000000000000000e+00 -1.266321523146425642e-03 0.000000000000000000e+00 1.851291798708466131e-05 0.000000000000000000e+00
3.293844894290869263e+01 5.860228616059616480e-02 0.000000000000000000e+00 -1.162195097334643365e-03 0.000000000000000000e+00 1.784786910107584616e-05 0.000000000000000000e+00
3.303338059256414283e+01 5.741479906144454637e-02 0.000000000000000000e+00 -1.116913581242757894e-03 0.000000000000000000e+00 1.754623678843546204e-05 0.000000000000000000e+00
3.303338059256414283e+01 5.741479906144454637e-02 0.000000000000000000e+00 -1.116913581242757894e-03 0.000000000000000000e+00 1.754623678843546204e-05 0.000000000000000000e+00
3.312831224221960014e+01 5.623103656671291778e-02 0.000000000000000000e+00 -1.072632832144626873e-03 0.000000000000000000e+00 1.724335297264208234e-05 0.000000000000000000e+00
3.333909314433572746e+01 5.361655629960756370e-02 0.000000000000000000e+00 -9.778825566682412471e-04 0.000000000000000000e+00 1.656658763346371269e-05 0.000000000000000000e+00
3.363652405566527648e+01 4.996199374977235846e-02 0.000000000000000000e+00 -8.525117120851560554e-04 0.000000000000000000e+00 1.560243971613269065e-05 0.000000000000000000e+00
3.398040524600278900e+01 4.579235790714538540e-02 0.000000000000000000e+00 -7.196188608588942543e-04 0.000000000000000000e+00 1.447625530179740799e-05 0.000000000000000000e+00
3.432428643634028731e+01 4.168994690874240627e-02 0.000000000000000000e+00 -5.995157408271344556e-04 0.000000000000000000e+00 1.334062791295135802e-05 0.000000000000000000e+00
3.462171734766985054e+01 3.820344356912062228e-02 0.000000000000000000e+00 -5.058163641296431826e-04 0.000000000000000000e+00 1.235362877412761161e-05 0.000000000000000000e+00
3.483249824978597786e+01 3.577186127674834848e-02 0.000000000000000000e+00 -4.450544300188560387e-04 0.000000000000000000e+00 1.165319307873428372e-05 0.000000000000000000e+00
3.492742989944144227e+01 3.468836446805094453e-02 0.000000000000000000e+00 -4.191993551663929143e-04 0.000000000000000000e+00 1.133784999864905043e-05 0.000000000000000000e+00
3.492742989944144227e+01 3.468836446805094453e-02 0.000000000000000000e+00 -4.191993551663929143e-04 0.000000000000000000e+00 1.133784999864905043e-05 0.000000000000000000e+00
3.502236154909689247e+01 3.361257079455156477e-02 0.000000000000000000e+00 -3.942746963779554764e-04 0.000000000000000000e+00 1.102276015758662023e-05 0.000000000000000000e+00
3.523314245121301980e+01 3.125335457336888417e-02 0.000000000000000000e+00 -3.422280116131644540e-04 0.000000000000000000e+00 1.032476879753173088e-05 0.000000000000000000e+00
3.553057336254258303e+01 2.800071903046719504e-02 0.000000000000000000e+00 -2.763857820312322290e-04 0.000000000000000000e+00 9.346461417098687294e-06 0.000000000000000000e+00
3.587445455288008134e+01 2.436938635827270647e-02 0.000000000000000000e+00 -2.110312012379621184e-04 0.000000000000000000e+00 8.231852348246451281e-06 0.000000000000000000e+00
3.621833574321758675e+01 2.090283911742754630e-02 0.000000000000000000e+00 -1.567275340938661444e-04 0.000000000000000000e+00 7.145096093478097277e-06 0.000000000000000000e+00
3.651576665454714288e+01 1.806222703526585635e-02 0.000000000000000000e+00 -1.181584130399961969e-04 0.000000000000000000e+00 6.237412713659336846e-06 0.000000000000000000e+00
3.672654755666326309e+01 1.615135174670628143e-02 0.000000000000000000e+00 -9.523547553641995304e-05 0.000000000000000000e+00 5.617793691252053191e-06 0.000000000000000000e+00
3.682147920631872040e+01 1.532123479556401179e-02 0.000000000000000000e+00 -8.603780076916067319e-05 0.000000000000000000e+00 5.346290872867496295e-06 0.000000000000000000e+00
3.682147920631872040e+01 1.532123479556401179e-02 0.000000000000000000e+00 -8.603780076916067319e-05 0.000000000000000000e+00 5.346290872867496295e-06 0.000000000000000000e+00
3.691641085597417771e+01 1.451127157985190874e-02 0.000000000000000000e+00 -7.750851212553737531e-05 0.000000000000000000e+00 5.079989392551904772e-06 0.000000000000000000e+00
3.712719175809031213e+01 1.278932045042209358e-02 0.000000000000000000e+00 -6.083980402247864583e-05 0.000000000000000000e+00 4.509170939585080063e-06 0.000000000000000000e+00
3.742462266941986115e+01 1.055419592586468412e-02 0.000000000000000000e+00 -4.218389119782590328e-05 0.000000000000000000e+00 3.758387230970462519e-06 0.000000000000000000e+00
3.776850385975736657e+01 8.283494462972860323e-03 0.000000000000000000e+00 -2.669370926124453708e-05 0.000000000000000000e+00 2.983531580226604285e-06 0.000000000000000000e+00
3.811238505009487199e+01 6.376795204744189691e-03 0.000000000000000000e+00 -1.639419048134055910e-05 0.000000000000000000e+00 2.322638341533924745e-06 0.000000000000000000e+00
3.840981596142442811e+01 5.029364950778509452e-03 0.000000000000000000e+00 -1.061166696232215520e-05 0.000000000000000000e+00 1.849382714960140015e-06 0.000000000000000000e+00
3.862059686354056254e+01 4.237702040908508661e-03 0.000000000000000000e+00 -7.793462538370785558e-06 0.000000000000000000e+00 1.568673550073622506e-06 0.000000000000000000e+00
3.871552851319601274e+01 3.922149402221573530e-03 0.000000000000000000e+00 -6.789809926230740661e-06 0.000000000000000000e+00 1.456183218896694946e-06 0.000000000000000000e+00
3.871552851319601274e+01 3.922149402221573530e-03 0.000000000000000000e+00 -6.789809926230740661e-06 0.000000000000000000e+00 1.456183218896694946e-06 0.000000000000000000e+00
3.881046016285147005e+01 3.630027118601435610e-03 0.000000000000000000e+00 -5.921518091877393630e-06 0.000000000000000000e+00 1.351713620508780691e-06 0.000000000000000000e+00
3.902124106496759737e+01 3.055745825092396218e-03 0.000000000000000000e+00 -4.385107596939490595e-06 0.000000000000000000e+00 1.145294679977975069e-06 0.000000000000000000e+00
3.931867197629715349e+01 2.379590141472669954e-03 0.000000000000000000e+00 -2.865807193044998512e-06 0.000000000000000000e+00 8.999923100096402038e-07 0.000000000000000000e+00
3.966255316663465891e+01 1.706533783465174776e-03 0.000000000000000000e+00 -1.663786038358049111e-06 0.000000000000000000e+00 6.521410506523871174e-07 0.000000000000000000e+00
4.000643435697215722e+01 1.073440880675381303e-03 0.000000000000000000e+00 -8.149198964120759047e-07 0.000000000000000000e+00 4.144192487317938498e-07 0.000000000000000000e+00
4.030386526830172045e+01 5.386143928149047123e-04 0.000000000000000000e+00 -3.106480607190845932e-07 0.000000000000000000e+00 2.097658609539373416e-07 0.000000000000000000e+00
4.051464617041784777e+01 1.660322464788879034e-04 0.000000000000000000e+00 -7.464971610613646973e-08 0.000000000000000000e+00 6.506030659524779779e-08 0.000000000000000000e+00
