-2.000000000000000000e+01 nan nan nan nan nan nan
-1.997455550888572162e+01 5.300809238095766270e-04 1.232341109720597704e-03 8.999827671865152066e-05 -4.233500387782435190e-05 8.999827671865154777e-05 -4.233500387782436545e-05
-1.991560115901749128e+01 5.353808041230955980e-04 1.229834274019081476e-03 8.979755365840802765e-05 -4.270812214343538575e-05 8.979755365840802765e-05 -4.270812214343537220e-05
-1.982545980618585091e+01 5.434613432554420481e-04 1.225958858664327224e-03 8.948783197365943172e-05 -4.327680443002790357e-05 8.948783197365941817e-05 -4.327680443002790357e-05
-1.970739682745634980e+01 5.540023510030706293e-04 1.220805661772825278e-03 8.907704577954393449e-05 -4.401828839891297072e-05 8.907704577954389383e-05 -4.401828839891297072e-05
-1.956568066673868955e+01 5.665906260352670913e-04 1.214504786299438035e-03 8.857632726501406609e-05 -4.490325362984070841e-05 8.857632726501410674e-05 -4.490325362984071519e-05
-1.940543371052742927e+01 5.807386899988799950e-04 1.207229442779786562e-03 8.800017229503545493e-05 -4.589718868382471328e-05 8.800017229503546848e-05 -4.589718868382469972e-05
-1.923244785760500974e+01 5.959068372878235974e-04 1.199197658136092002e-03 8.736644424444707253e-05 -4.696198628413137153e-05 8.736644424444707253e-05 -4.696198628413138508e-05
-1.905297534656135028e+01 6.115267568731941501e-04 1.190670813733820787e-03 8.669615081457027574e-05 -4.805763659165730847e-05 8.669615081457031640e-05 -4.805763659165733558e-05
-1.887350283551769081e+01 6.270252164905621524e-04 1.181948169818593589e-03 8.601294347555826130e-05 -4.914390762624703466e-05 8.601294347555827485e-05 -4.914390762624701434e-05
-1.870051698259527839e+01 6.418464055575290273e-04 1.173357060631930121e-03 8.534232491639574694e-05 -5.018191257792259163e-05 8.534232491639580115e-05 -5.018191257792259841e-05
-1.854027002638402166e+01 6.554717708439156349e-04 1.165239055113738648e-03 8.471059068090530469e-05 -5.113548361108885565e-05 8.471059068090526403e-05 -5.113548361108886920e-05
-1.839855386566636142e+01 6.674365445422097021e-04 1.157932963197629483e-03 8.414356959808145348e-05 -5.197229993731873902e-05 8.414356959808139927e-05 -5.197229993731870514e-05
-1.828049088693684965e+01 6.773426023833925644e-04 1.151756040073956180e-03 8.366525801587211520e-05 -5.266475015912205183e-05 8.366525801587207454e-05 -5.266475015912204505e-05
-1.819034953410520927e+01 6.848677034215136647e-04 1.146985051686372735e-03 8.329646237164208260e-05 -5.319053834970995521e-05 8.329646237164210971e-05 -5.319053834970996199e-05
-1.813139518423698959e+01 6.897712393259715228e-04 1.143839136528355255e-03 8.305358331302535634e-05 -5.353304828904522467e-05 8.305358331302536989e-05 -5.353304828904521790e-05
-1.810595069312271121e+01 6.918831571910694219e-04 1.142475138513349879e-03 8.294834879588372902e-05 -5.368053908193814766e-05 8.294834879588371547e-05 -5.368053908193814089e-05
-1.810595069312271121e+01 6.918831571910694219e-04 1.142475138513349879e-03 8.294834879588372902e-05 -5.368053908193814766e-05 8.294834879588371547e-05 -5.368053908193814089e-05
-1.808050620200842928e+01 6.939923942878753992e-04 1.141107390248220386e-03 8.284286834945435733e-05 -5.382782717213551994e-05 8.284286834945435733e-05 -5.382782717213554027e-05
-1.802155185214019895e+01 6.988691162990275573e-04 1.137923963864877338e-03 8.259752942433233158e-05 -5.416830961424311177e-05 8.259752942433234513e-05 -5.416830961424312532e-05
-1.793141049930855857e+01 7.062975708692144665e-04 1.133017771607699445e-03 8.221986751849992775e-05 -5.468678999915405694e-05 8.221986751849994131e-05 -5.468678999915405694e-05
-1.781334752057906101e+01 7.159752725706341287e-04 1.126521385559723374e-03 8.172060637843992935e-05 -5.536197328387316063e-05 8.172060637843991580e-05 -5.536197328387316741e-05
-1.767163135986139011e+01 7.275135406196051252e-04 1.118618613070259532e-03 8.111445597569464402e-05 -5.616653954125435657e-05 8.111445597569464402e-05 -5.616653954125434302e-05
-1.751138440365012983e+01 7.404563772830001023e-04 1.109545716552130974e-03 8.042010011009663711e-05 -5.706850076894300544e-05 8.042010011009665066e-05 -5.706850076894301222e-05
-1.733839855072772096e+01 7.543023303447991389e-04 1.099590130074799138e-03 7.965999617214216235e-05 -5.803276127834494462e-05 7.965999617214210814e-05 -5.803276127834493107e-05
-1.715892603968406149e+01 7.685274892073655582e-04 1.089085847302888712e-03 7.885993954608360508e-05 -5.902274663093911374e-05 7.885993954608359153e-05 -5.902274663093912051e-05
-1.697945352864040913e+01 7.826080235632480991e-04 1.078404851825396499e-03 7.804835711551670542e-05 -6.000198648634214824e-05 7.804835711551667832e-05 -6.000198648634216179e-05
-1.680646767571798961e+01 7.960408453938894700e-04 1.067944463965135983e-03 7.725532794981002701e-05 -6.093555145365244809e-05 7.725532794981002701e-05 -6.093555145365244809e-05
-1.664622071950672932e+01 8.083612869459176099e-04 1.058111046851815647e-03 7.651136678148470055e-05 -6.179126836275070089e-05 7.651136678148470055e-05 -6.179126836275068734e-05
-1.650450455878906908e+01 8.191571218758732622e-04 1.049301042373467895e-03 7.584604016472329142e-05 -6.254067058210906833e-05 7.584604016472272221e-05 -6.254067058211069464e-05
-1.638644158005956086e+01 8.280787481899980164e-04 1.041880716001747495e-03 7.528651119016696212e-05 -6.315967526178769848e-05 7.528651119016274728e-05 -6.315967526179989576e-05
-1.629630022722792049e+01 8.348457989686707036e-04 1.036166242791385127e-03 7.485612433612790363e-05 -6.362901065293098094e-05 7.485612433611132889e-05 -6.362901065297800821e-05
-1.623734587735970081e+01 8.392505578666338995e-04 1.032406027112146331e-03 7.457316004562568388e-05 -6.393442387860635639e-05 7.457316004558627314e-05 -6.393442387871731093e-05
-1.621190138624541888e+01 8.411464761255256972e-04 1.030777575570290296e-03 7.445067306175358216e-05 -6.406586119456001815e-05 7.445067306169686483e-05 -6.406586119471860982e-05
-1.621190138624541888e+01 8.411464761255256972e-04 1.030777575570290296e-03 7.445067306175358216e-05 -6.406586119456001815e-05 7.445067306169686483e-05 -6.406586119471860982e-05
-1.618645689513114050e+01 8.430392750059701075e-04 1.029145782577397823e-03 7.432796924287910726e-05 -6.419707015281474573e-05 7.432796924279788697e-05 -6.419707015304028689e-05
-1.612750254526291016e+01 8.474128328859806400e-04 1.025352144612637394e-03 7.404283609642326315e-05 -6.450019927111924102e-05 7.404283609624277059e-05 -6.450019927161397602e-05
-1.603736119243126979e+01 8.540674243871599833e-04 1.019517205503988342e-03 7.360463188723548377e-05 -6.496130193516701712e-05 7.360463188665914900e-05 -6.496130193671407875e-05
-1.591929821370177045e+01 8.627233314079519981e-04 1.011812239252780736e-03 7.302663173853802972e-05 -6.556085420925682509e-05 7.302663173617095888e-05 -6.556085421544446176e-05
-1.577758205298409955e+01 8.730228742128528152e-04 1.002470594660107277e-03 7.232680484419438168e-05 -6.627392426234339831e-05 7.232680483302661141e-05 -6.627392429063978753e-05
-1.561733509677283926e+01 8.845491024278638158e-04 9.917863715165646174e-04 7.152763013445772352e-05 -6.707149815379433329e-05 7.152763007992393989e-05 -6.707149828729294639e-05
-1.544434924385043040e+01 8.968470923851559360e-04 9.801102335362168062e-04 7.065570148038761880e-05 -6.792198197663812181e-05 7.065570122690289915e-05 -6.792198257508703810e-05
-1.526487673280676916e+01 9.094459274607317404e-04 9.678417918064797501e-04 6.974109284719151884e-05 -6.879274227914136566e-05 6.974109179079925405e-05 -6.879274468342939735e-05
-1.508540422176312035e+01 9.218797174161445177e-04 9.554181495886665196e-04 6.881646289310973396e-05 -6.965156794544771193e-05 6.881645909190336823e-05 -6.965157629295549622e-05
-1.491241836884070082e+01 9.337062455497702630e-04 9.432986699581804788e-04 6.791590936903096681e-05 -7.046795557620125759e-05 6.791589779279451030e-05 -7.046798015599759933e-05
-1.475217141262944054e+01 9.445222105674881902e-04 9.319465437273011504e-04 6.707361660819906996e-05 -7.121415002340824663e-05 6.707358699393845480e-05 -7.121421101096782650e-05
-1.461045525191178029e+01 9.539745237467249289e-04 9.218081961709190079e-04 6.632236821946958371e-05 -7.186590849330924517e-05 6.632230456860638485e-05 -7.186603614197688218e-05
-1.449239227318227030e+01 9.617676597435800617e-04 9.132919139966819361e-04 6.569201946058664612e-05 -7.240299261822156140e-05 6.569190403958074978e-05 -7.240321909978484195e-05
-1.440225092035062993e+01 9.676675389592558768e-04 9.067472777229802034e-04 6.520803942634755229e-05 -7.280942051856651560e-05 6.520786187399669229e-05 -7.280976323139017102e-05
-1.434329657048241025e+01 9.715025691861809993e-04 9.024472369961166482e-04 6.489025360647889961e-05 -7.307351677837705902e-05 6.489002072777839102e-05 -7.307396151018024169e-05
-1.431785207936813009e+01 9.731519688147379681e-04 9.005865657387200716e-04 6.475279496455287813e-05 -7.318707825780351956e-05 6.475253380085009948e-05 -7.318757472362425766e-05
-1.431785207936813009e+01 9.731519688147379681e-04 9.005865657387200716e-04 6.475279496455287813e-05 -7.318707825780351956e-05 6.475253380085009948e-05 -7.318757472362425766e-05
-1.429240758825383928e+01 9.747978736347315178e-04 8.987230174080150600e-04 6.461515445305119633e-05 -7.330038464526945864e-05 6.461486198873049060e-05 -7.330093807535802640e-05
-1.423345323838561960e+01 9.785979480215689034e-04 8.943941997769085193e-04 6.429554972868837225e-05 -7.356192915735828154e-05 6.429517159725233789e-05 -7.356263718360021950e-05
-1.414331188555397922e+01 9.843718395712082892e-04 8.877458491351286445e-04 6.380501695538160064e-05 -7.395915610001815312e-05 6.380446464589101848e-05 -7.396017383161064898e-05
-1.402524890682446923e+01 9.918673245378191537e-04 8.789845574615127955e-04 6.315920556302116393e-05 -7.447447782820547531e-05 6.315831987375166649e-05 -7.447607633125354304e-05
-1.388353274610681076e+01 1.000763832965101191e-03 8.683887779067590764e-04 6.237915448153575195e-05 -7.508550519281794822e-05 6.237764415471454304e-05 -7.508816474417915135e-05
-1.372328578989555048e+01 1.010690702847473216e-03 8.563051220305681810e-04 6.149098470482895729e-05 -7.576628448550051125e-05 6.148833053087104298e-05 -7.577083160042381881e-05
-1.355029993697313984e+01 1.021247620744509263e-03 8.431414651609884462e-04 6.052535943680819875e-05 -7.648869211458315086e-05 6.052068499917060269e-05 -7.649646956488650670e-05
-1.337082742592948037e+01 1.032025232775605648e-03 8.293564784947528865e-04 5.951666766683673892e-05 -7.722388275870387900e-05 5.950860436384872068e-05 -7.723690333864600911e-05
-1.319135491488581913e+01 1.042624176854403976e-03 8.154453047897596571e-04 5.850187851583146684e-05 -7.794371549527946122e-05 5.848849225646819900e-05 -7.796470295770892972e-05
-1.301836906196341026e+01 1.052671090540269758e-03 8.019215730693216330e-04 5.751905230457662042e-05 -7.862208277160701269e-05 5.749793203188485247e-05 -7.865427855777283215e-05
-1.285812210575214998e+01 1.061830673337727090e-03 7.892965337218883944e-04 5.660557543280323839e-05 -7.923604329670865096e-05 5.657417415512203617e-05 -7.928269501912703940e-05
-1.271640594503448973e+01 1.069813567790582967e-03 7.780566428755843157e-04 5.579629151554914626e-05 -7.976663178287343487e-05 5.575253191569134076e-05 -7.983019405092906591e-05
-1.259834296630497974e+01 1.076380508345765050e-03 7.686412725413407617e-04 5.512177983661722762e-05 -8.019922561624509669e-05 5.506480170121660938e-05 -8.028045936633862521e-05
-1.250820161347333936e+01 1.081343664708266745e-03 7.614222754919120406e-04 5.460702716868323821e-05 -8.052341957135202824e-05 5.453782614141297315e-05 -8.062069293331818466e-05
-1.244924726360511968e+01 1.084566098761061527e-03 7.566871246470624479e-04 5.427064635364562122e-05 -8.073247413249082227e-05 5.419231738685859463e-05 -8.084156782449596708e-05
-1.242380277249083953e+01 1.085951162177773962e-03 7.546401567891641154e-04 5.412556197736774553e-05 -8.082195413436906535e-05 5.404299301926972676e-05 -8.093649743206987178e-05
-1.242380277249083953e+01 1.085951162177773962e-03 7.546401567891641154e-04 5.412556197736774553e-05 -8.082195413436906535e-05 5.404299301926972676e-05 -8.093649743206987178e-05
-1.239835828137655938e+01 1.087332784961760621e-03 7.525912310994831286e-04 5.398054699633762386e-05 -8.091097564412555758e-05 5.389354760455522102e-05 -8.103118741265056093e-05
-1.233940393150833081e+01 1.090520807643351273e-03 7.478364993181752267e-04 5.364486190320456594e-05 -8.111544346622694135e-05 5.354682823484009158e-05 -8.124966569560829123e-05
-1.224926257867669044e+01 1.095359977767586474e-03 7.405469547580491177e-04 5.313264112022806555e-05 -8.142309384889379455e-05 5.301549126093264266e-05 -8.158126433525969871e-05
-1.213119959994718933e+01 1.101634238247190195e-03 7.309650742714752332e-04 5.246426259961384529e-05 -8.181652785788805964e-05 5.231746867966070147e-05 -8.201114738808703035e-05
-1.198948343922952020e+01 1.109071519471609060e-03 7.194148612268116885e-04 5.166700051596398576e-05 -8.227371195188339645e-05 5.147665104666085016e-05 -8.252065445378653605e-05
-1.182923648301825992e+01 1.117360758285192417e-03 7.062950281704368080e-04 5.077429423340901183e-05 -8.276949358618140092e-05 5.052233595771208431e-05 -8.308847978576890917e-05
-1.165625063009584927e+01 1.126170015462319915e-03 6.920681259229976168e-04 4.982440638774200995e-05 -8.327750146127792024e-05 4.948838572689576154e-05 -8.369191926118843290e-05
-1.147677811905218981e+01 1.135163509789751009e-03 6.772455238102531323e-04 4.885836562053842144e-05 -8.377230382640794479e-05 4.841209582557293032e-05 -8.430803226129559744e-05
-1.129730560800853034e+01 1.144015936178607038e-03 6.623685006398634259e-04 4.791723654402449585e-05 -8.423159882029281802e-05 4.733279904805407558e-05 -8.491460626916538476e-05
-1.112431975508611970e+01 1.152423177125642788e-03 6.479864211093032704e-04 4.703900899276131678e-05 -8.463810284944964484e-05 4.629027897896095741e-05 -8.549086677093934805e-05
-1.096407279887485942e+01 1.160109434541054928e-03 6.346335904634142809e-04 4.625565227997488260e-05 -8.498075941472640524e-05 4.532310757614065592e-05 -8.601794138786799499e-05
-1.082235663815719917e+01 1.166831627664912134e-03 6.228066640294077942e-04 4.559101157479950685e-05 -8.525496481412524728e-05 4.446703909220661038e-05 -8.647914472273186901e-05
-1.070429365942768918e+01 1.172382330638733865e-03 6.129443402451415553e-04 4.506012471219381787e-05 -8.546170303405118210e-05 4.375357970409605936e-05 -8.686017817001941989e-05
-1.061415230659605058e+01 1.176592398391843779e-03 6.054105798915196965e-04 4.467018771160625925e-05 -8.560574467120105014e-05 4.320881621466630675e-05 -8.714932594547243735e-05
-1.055519795672782912e+01 1.179333702492614501e-03 6.004822109995396192e-04 4.442290461044733665e-05 -8.569330129989119948e-05 4.285255981110502649e-05 -8.733767281731957940e-05
-1.052975346561355074e+01 1.180514015463696859e-03 5.983549757096050681e-04 4.431815757778934328e-05 -8.572943669852027332e-05 4.269881574480450653e-05 -8.741878776153948097e-05
-1.052975346561355074e+01 1.180514015463696859e-03 5.983549757096050681e-04 4.431815757778934328e-05 -8.572943669852027332e-05 4.269881574480450653e-05 -8.741878776153948097e-05
-1.050430897449925993e+01 1.181692683291623832e-03 5.962276796275055952e-04 4.421463794002073551e-05 -8.576456402017881538e-05 4.254508354200829256e-05 -8.749980160163229118e-05
-1.044535462463104025e+01 1.184417536356717829e-03 5.912987024975825418e-04 4.397963371462167219e-05 -8.584203790715261870e-05 4.218894578541444620e-05 -8.768713750274088545e-05
-1.035521327179939988e+01 1.188568372404684654e-03 5.837627472006873220e-04 4.363398542639480165e-05 -8.594974336452045169e-05 4.164460970579357345e-05 -8.797264599060110335e-05
-1.023715029306988988e+01 1.193979517519969114e-03 5.738952207931759990e-04 4.320793935851691028e-05 -8.607066056326847993e-05 4.093215874513986356e-05 -8.834510912861945277e-05
-1.009543413235222964e+01 1.200442540595738228e-03 5.620585158405835098e-04 4.273984755179450644e-05 -8.618470413467600852e-05 4.007796826849399164e-05 -8.879041310091345728e-05
-9.935187176140969356e+00 1.207718076513709417e-03 5.486898717018957698e-04 4.227301663130967170e-05 -8.627140249026511699e-05 3.911378754022408417e-05 -8.929233574715295118e-05
-9.762201323218558713e+00 1.215547042507897140e-03 5.342848491144237344e-04 4.185131201113196086e-05 -8.631291336770012675e-05 3.807550978941458427e-05 -8.983327984676383660e-05
-9.582728812174899247e+00 1.223659648478069408e-03 5.193772666586672724e-04 4.151375923737816119e-05 -8.629695320494859545e-05 3.700169811354561667e-05 -9.039484458170393309e-05
-9.403256301131241557e+00 1.231781676076696298e-03 5.045168286618549472e-04 4.128879318363310851e-05 -8.621912242837767983e-05 3.593196002229541637e-05 -9.095820621582773112e-05
-9.230270448208830913e+00 1.239638637661086848e-03 4.902461413586828515e-04 4.118921053703827136e-05 -8.608412601616395935e-05 3.490529404420788579e-05 -9.150436128402153566e-05
-9.070023491997568854e+00 1.246959381331149558e-03 4.770789407596228468e-04 4.120909350432109159e-05 -8.590555450194568734e-05 3.395853794778722301e-05 -9.201435294330655601e-05
-8.928307331279906833e+00 1.253481109878421115e-03 4.654810687971421479e-04 4.132383598157850127e-05 -8.570417427331285362e-05 3.312502521912154898e-05 -9.246962668384034489e-05
-8.810244352550400393e+00 1.258957399530410276e-03 4.558551439827386196e-04 4.149385948361009388e-05 -8.550499120433535248e-05 3.243351284877906153e-05 -9.285262931697164696e-05
-8.720102999718760017e+00 1.263169673433285015e-03 4.485292101084108413e-04 4.167174218065902681e-05 -8.533359823083274136e-05 3.190739587910010198e-05 -9.314767857634586505e-05
-8.661148649850536785e+00 1.265940913875045638e-03 4.437493480292895335e-04 4.181151916385763228e-05 -8.521243608104351881e-05 3.156420360328960115e-05 -9.334200626634822770e-05
-8.635704158736254854e+00 1.267141245428839852e-03 4.416892450769923295e-04 4.187772293859519027e-05 -8.515792570547519008e-05 3.141630750748593818e-05 -9.342623058706681159e-05
-8.635704158736254854e+00 1.267141245428839852e-03 4.416892450769923295e-04 4.187772293859519027e-05 -8.515792570547519008e-05 3.141630750748593818e-05 -9.342623058706681159e-05
-8.610259667621972923e+00 1.268344263912820876e-03 4.396308980725919776e-04 4.194752774604026534e-05 -8.510207809828730381e-05 3.126854853627022513e-05 -9.351067597064574122e-05
-8.551305317753749691e+00 1.271142385195871355e-03 4.348685977110851460e-04 4.212332586222904910e-05 -8.496754170289616418e-05 3.092672769168325282e-05 -9.370721518642400715e-05
-8.461163964922109315e+00 1.275451627111160455e-03 4.276059347173854250e-04 4.243107827673767905e-05 -8.474796098025376705e-05 3.040555183593860291e-05 -9.401024135668324515e-05
-8.343100986192602875e+00 1.281157532676435729e-03 4.181293351671215900e-04 4.290818963524184573e-05 -8.443502939544289456e-05 2.972570194656902733e-05 -9.441212805279407976e-05
-8.201384825474940854e+00 1.288110009106100068e-03 4.068097206991574716e-04 4.359736321780722010e-05 -8.402160918149191322e-05 2.891392514782961044e-05 -9.490280886532566460e-05
-8.041137869263678795e+00 1.296125227124050872e-03 3.940860904653912351e-04 4.453889168453927503e-05 -8.350482075086307127e-05 2.800182821897706162e-05 -9.546983551684911067e-05
-7.868152016341267263e+00 1.304985631077465067e-03 3.804455830136586523e-04 4.576138781977938071e-05 -8.288890353794058921e-05 2.702442338498590156e-05 -9.609829287423048323e-05
-7.688679505297609573e+00 1.314437822066633847e-03 3.664016547644653342e-04 4.727190578204119766e-05 -8.218726484532412927e-05 2.601854820775230254e-05 -9.677056416891183374e-05
-7.509206994253951883e+00 1.324189479583904845e-03 3.524719851594807743e-04 4.904694358087407759e-05 -8.142323738149268681e-05 2.502127720547420191e-05 -9.746604124384154473e-05
-7.336221141331538576e+00 1.333907708751104091e-03 3.391576579439680036e-04 5.102620093007515900e-05 -8.062931323547046971e-05 2.406843593812912547e-05 -9.816096177264516283e-05
-7.175974185120277404e+00 1.343221968744730830e-03 3.269248595647719830e-04 5.311102992341028034e-05 -7.984493907371530402e-05 2.319330404726807523e-05 -9.882860826200532182e-05
-7.034258024402616272e+00 1.351734697467755911e-03 3.161898805692423919e-04 5.516913070268273972e-05 -7.911323869199120718e-05 2.242555989146755239e-05 -9.944009681905099625e-05
-6.916195045673110720e+00 1.359041637301641433e-03 3.073077418783513848e-04 5.704614416294093241e-05 -7.847718673185908873e-05 2.179048601234805227e-05 -9.996589869774665546e-05
-6.826053692841468568e+00 1.364761616256262092e-03 3.005643829230444193e-04 5.858340414146241329e-05 -7.797576843038514396e-05 2.130842782660999493e-05 -1.003780698091308272e-04
-6.767099342973246223e+00 1.368572290430452882e-03 2.961722531349710833e-04 5.963938212583010638e-05 -7.764058346128873236e-05 2.099449228334270738e-05 -1.006529235653907343e-04
-6.741654851858964292e+00 1.370234587068276709e-03 2.942811126564743966e-04 6.010779344265448671e-05 -7.749417222129343329e-05 2.085932951336213383e-05 -1.007728846358705557e-04
-6.741654851858964292e+00 1.370234587068276709e-03 2.942811126564743966e-04 6.010779344265448671e-05 -7.749417222129343329e-05 2.085932951336213383e-05 -1.007728846358705557e-04
-6.716210360744682362e+00 1.371907742749844169e-03 2.923926967683175104e-04 6.058395139035331156e-05 -7.734671695878299303e-05 2.072436738860279610e-05 -1.008936678822238483e-04
-6.657256010876459129e+00 1.375827054647861362e-03 2.880278213245630469e-04 6.171742452163067702e-05 -7.700108930806253576e-05 2.041243891531350154e-05 -1.011767469317186735e-04
-6.567114658044817865e+00 1.381938935359333480e-03 2.813827285092482581e-04 6.353416804458268956e-05 -7.646203143053279200e-05 1.993761720661857659e-05 -1.016185894296157001e-04
-6.449051679315312313e+00 1.390173942829189043e-03 2.727329730310157634e-04 6.607256983141209113e-05 -7.573704122974610859e-05 1.931965604003811613e-05 -1.022146522049592501e-04
-6.307335518597651181e+00 1.400427916381288005e-03 2.624327760232119419e-04 6.936983388174957320e-05 -7.483921615737519498e-05 1.858392788418630659e-05 -1.029579483643332282e-04
-6.147088562386389121e+00 1.412550161187440612e-03 2.508978045184374179e-04 7.344825088746637944e-05 -7.378896303686523868e-05 1.776017806189517041e-05 -1.038381077028168977e-04
-5.974102709463976701e+00 1.426327082238617195e-03 2.385849815259206714e-04 7.829891857963833994e-05 -7.261507310240480765e-05 1.688107100723313354e-05 -1.048401018623815049e-04
-5.794630198420319012e+00 1.441461566426729957e-03 2.259707602940509491e-04 8.386408162374806615e-05 -7.135486152929318589e-05 1.598063335482912626e-05 -1.059426654705419223e-04
-5.615157687376661322e+00 1.457550525235901161e-03 2.135290924454881761e-04 9.002013832353888403e-05 -7.005327283134253505e-05 1.509268220139623657e-05 -1.071165980274369606e-04
-5.442171834454248902e+00 1.474065741897958746e-03 2.017104348896137328e-04 9.656447613452971766e-05 -6.876104965831939561e-05 1.424933334476017303e-05 -1.083233297678919208e-04
-5.281924878242986843e+00 1.490346208458162439e-03 1.909233765836482047e-04 1.032104867004597561e-04 -6.753216751269652048e-05 1.347969994717725753e-05 -1.095143556946981780e-04
-5.140208717525325710e+00 1.505612056606975323e-03 1.815205810942484678e-04 1.095956920618556819e-04 -6.642076097434289708e-05 1.280889983662736016e-05 -1.106322802354553454e-04
-5.022145738795820158e+00 1.519008746592316475e-03 1.737903592110081078e-04 1.153068235892534739e-04 -6.547778334434649816e-05 1.225746276115306804e-05 -1.116141062080676827e-04
-4.932004385964178894e+00 1.529683674525512483e-03 1.679541428472253119e-04 1.199221632157728416e-04 -6.474770169581745374e-05 1.184115541811722605e-05 -1.123969206627394989e-04
-4.873050036095955662e+00 1.536886235860291695e-03 1.641689266363279085e-04 1.230658150467433957e-04 -6.426560791878358620e-05 1.157115735757293358e-05 -1.129253100673694788e-04
-4.847605544981673731e+00 1.540050773777945203e-03 1.625431609303557847e-04 1.244541265762065996e-04 -6.405643633662150890e-05 1.145519376264943208e-05 -1.131575150964950129e-04
-4.847605544981673731e+00 1.540050773777945203e-03 1.625431609303557847e-04 1.244541265762065996e-04 -6.405643633662150890e-05 1.145519376264943208e-05 -1.131575150964950129e-04
-4.822161053867391800e+00 1.543249803510788297e-03 1.609222283837934868e-04 1.258618155898566168e-04 -6.384661013715257796e-05 1.133957581135128008e-05 -1.133922810219662781e-04
-4.763206703999168568e+00 1.550797428038051210e-03 1.571853524771292781e-04 1.291993169297189672e-04 -6.335797121750418937e-05 1.107303480715459226e-05 -1.139462901133034533e-04
-4.673065351167527304e+00 1.562717063949228434e-03 1.515233334075109155e-04 1.345138054535796514e-04 -6.260433709921545684e-05 1.066918513945175384e-05 -1.148215189213183272e-04
-4.555002372438021752e+00 1.579060841068251906e-03 1.442044660634424680e-04 1.418796683912457266e-04 -6.160594970582613768e-05 1.014716571755085863e-05 -1.160221495171499172e-04
-4.413286211720360619e+00 1.599853848022018315e-03 1.355690401491357140e-04 1.513658651077775272e-04 -6.039196118655318628e-05 9.531242382913481106e-06 -1.175504185922733222e-04
-4.253039255509098560e+00 1.625040707255928207e-03 1.260073643205200428e-04 1.630022948719725786e-04 -5.900139656936509441e-05 8.849236966547414061e-06 -1.194026259508151400e-04
-4.080053402586686140e+00 1.654411800659178660e-03 1.159337276104354335e-04 1.767362564223762353e-04 -5.748346486702455210e-05 8.130670412781489285e-06 -1.215636469248453598e-04
-3.900580891543028006e+00 1.687513939413208975e-03 1.057596667460725256e-04 1.923826538285654014e-04 -5.589654266182788971e-05 7.404861280193790311e-06 -1.240003109239606015e-04
-3.721108380499371204e+00 1.723560222047782788e-03 9.587060865252946119e-05 2.095763754303283733e-04 -5.430524374668150558e-05 6.699269339133329145e-06 -1.266547388538787381e-04
-3.548122527576957896e+00 1.761361448755107426e-03 8.660898772147986382e-05 2.277385409239878194e-04 -5.277571178918321969e-05 6.038302943291318818e-06 -1.294392893140123820e-04
-3.387875571365695837e+00 1.799304466617738206e-03 7.826465088374256866e-05 2.460689858956966814e-04 -5.137021642049998803e-05 5.442644449691574425e-06 -1.322349803066129661e-04
-3.246159410648035148e+00 1.835402066148372454e-03 7.107186111047426500e-05 2.635761133422689592e-04 -5.014243892465092674e-05 4.929040936749293813e-06 -1.348951951001054253e-04
-3.128096431918530040e+00 1.867430916284708049e-03 6.521154698751636665e-05 2.791505637225790153e-04 -4.913449211108112725e-05 4.510461601898387914e-06 -1.372558812108590838e-04
-3.037955079086887888e+00 1.893154356849627512e-03 6.081675517027527301e-05 2.916793053382338470e-04 -4.837617142036189263e-05 4.196476013293781192e-06 -1.391520028412816519e-04
-2.979000729218665100e+00 1.910599585574267699e-03 5.797923544560154097e-05 3.001839478818600073e-04 -4.788626242935594448e-05 3.993707750682650887e-06 -1.404379979753456566e-04
-2.953556238104383169e+00 1.918285201037298179e-03 5.676346560250616734e-05 3.039323607644892219e-04 -4.767642389989886138e-05 3.906818476733125773e-06 -1.410045693436696426e-04
-2.953556238104383169e+00 1.918285201037298179e-03 5.676346560250616734e-05 3.039323607644892219e-04 -4.767642389989886138e-05 3.906818476733125773e-06 -1.410045693436696426e-04
-2.928111746990100794e+00 1.927316040960869994e-03 5.536058241271643484e-05 3.083379591660324057e-04 -4.743441372579225272e-05 3.806548129214582978e-06 -1.416703211504891406e-04
-2.869157397121878006e+00 1.948737107106385908e-03 5.213881710490313599e-05 3.187919201384468992e-04 -4.687946428269220344e-05 3.576238646884198171e-06 -1.432495284893426171e-04
-2.779016044290237186e+00 1.982875780653865598e-03 4.728902055835141547e-05 3.354601661428293561e-04 -4.604780845691894519e-05 3.229448267954865552e-06 -1.457664337871223792e-04
-2.660953065560731190e+00 2.030250873583631151e-03 4.107289463545302916e-05 3.585969691312098327e-04 -4.499290008135397142e-05 2.784760574689726145e-06 -1.492594188577454190e-04
-2.519236904843069169e+00 2.091365354340477510e-03 3.380705811969018920e-05 3.884345475460110829e-04 -4.378506227181283008e-05 2.264658894067208110e-06 -1.537656898311844328e-04
-2.358989948631807110e+00 2.166491771487668010e-03 2.583425562083522243e-05 4.250697391103441954e-04 -4.250712444556795045e-05 1.693488782200799888e-06 -1.593054272726900414e-04
-2.186004095709395134e+00 2.255391196754862222e-03 1.749588867831120782e-05 4.683226233746757921e-04 -4.124713095946020862e-05 1.095521565786961706e-06 -1.658610467516140308e-04
-2.006531584665737000e+00 2.356983301253032931e-03 9.110692509976320357e-06 5.175798846261919599e-04 -4.008852959038416666e-05 4.934610450831202482e-07 -1.733528714132172093e-04
-1.827059073622079088e+00 2.469013877952428142e-03 9.626466925810390570e-07 5.716488370588001080e-04 -3.909934267767955325e-05 -9.239081199993475486e-08 -1.816146282197047179e-04
-1.654073220699666891e+00 2.587796119099815360e-03 -6.701459753083757298e-06 6.286595857679596906e-04 -3.832270589141790589e-05 -6.442855854458128488e-07 -1.903743870770664346e-04
-1.493826264488405053e+00 2.708122070127702997e-03 -1.366732583701158065e-05 6.860571409874583696e-04 -3.777132129800193835e-05 -1.146684079912635353e-06 -1.992480449357090849e-04
-1.352110103770743033e+00 2.823436032835659019e-03 -1.974587743768450629e-05 7.407167371806225222e-04 -3.742760687497023888e-05 -1.585748342093699992e-06 -2.077521181234934483e-04
-1.234047125041237036e+00 2.926321582202688360e-03 -2.476829630659221879e-05 7.891924512085712407e-04 -3.724986861325672226e-05 -1.949018377751674356e-06 -2.153396543718811369e-04
-1.143905772209595995e+00 3.009279959537250557e-03 -2.858651374330563173e-05 8.280762122864763390e-04 -3.718322753599471108e-05 -2.225497605098411898e-06 -2.214576304412540966e-04
-1.084951422341372984e+00 3.065685636694548931e-03 -3.107934985833736742e-05 8.544104175698809082e-04 -3.717286240724297224e-05 -2.406152038687872721e-06 -2.256174190901010608e-04
-1.059506931227091053e+00 3.090569252204909342e-03 -3.215472551603503713e-05 8.660010974619086928e-04 -3.717663775466960188e-05 -2.484120061682262482e-06 -2.274525308231260725e-04
-1.059506931227091053e+00 3.090569252204909342e-03 -3.215472551603503713e-05 8.660010974619086928e-04 -3.717663775466960188e-05 -2.484120061682262482e-06 -2.274525308231260725e-04
-1.034062440112808900e+00 3.115783351530805774e-03 -3.322999328766973562e-05 8.777289956194844625e-04 -3.718543549543885485e-05 -2.562102151382278536e-06 -2.293120166272306145e-04
-9.751080902445861120e-01 3.175494907519202641e-03 -3.572175804001393725e-05 9.054356889811135964e-04 -3.722530024946948957e-05 -2.742897850468567681e-06 -2.337156228234168445e-04
-8.849667374129448483e-01 3.270372954689185901e-03 -3.953623079060334609e-05 9.492661793878515121e-04 -3.733961918726479113e-05 -3.019894782638987263e-06 -2.407127082000286723e-04
-7.669037586834388520e-01 3.401448062281907554e-03 -4.455052829896795932e-05 1.009428837882310991e-03 -3.758892100439975949e-05 -3.384441114205434296e-06 -2.503793118353519294e-04
-6.251875979657778304e-01 3.569509075465354675e-03 -5.061664286882633325e-05 1.085911877971017670e-03 -3.804080542915511478e-05 -3.826088616586540550e-06 -2.627736732535160876e-04
-4.649406417545159931e-01 3.774506474454095758e-03 -5.756999442797199192e-05 1.178220505100750293e-03 -3.875724368673562776e-05 -4.333160554562239429e-06 -2.778922406722798095e-04
-2.919547888321041840e-01 4.014827125895689165e-03 -6.523195170066075558e-05 1.285086307653268050e-03 -3.978084139417066057e-05 -4.892881797242707256e-06 -2.956161879300740194e-04
-1.124822777884462027e-01 4.286517125119820859e-03 -7.340493296843551656e-05 1.404195737567208706e-03 -4.112242716508178664e-05 -5.490977645108919688e-06 -3.156540874177263343e-04
6.699023325521125116e-02 4.582591754565190287e-03 -8.186199511780122527e-05 1.532001779909506834e-03 -4.275256500004783925e-05 -6.110886486780620178e-06 -3.374909851008953566e-04
2.399760861776231990e-01 4.892618916949953087e-03 -9.033576117588242396e-05 1.663684988897156996e-03 -4.459907329682523809e-05 -6.732943558258618832e-06 -3.603576226935448993e-04
4.002230423888851196e-01 5.202770436334119668e-03 -9.851300735306505309e-05 1.793311771059284253e-03 -4.655145770836300706e-05 -7.333998076845913814e-06 -3.832341567609699111e-04
5.419392031065459747e-01 5.496483569055906487e-03 -1.060404768386562284e-04 1.914200891639600711e-03 -4.847172239575047505e-05 -7.887868987824683719e-06 -4.048988963784389754e-04
6.600021818360519710e-01 5.755761285030101815e-03 -1.125446048774002278e-04 2.019464158865092417e-03 -5.020978778432606078e-05 -8.366832176382158314e-06 -4.240241918350934423e-04
7.501435346676930127e-01 5.962987755604294733e-03 -1.176637373508305682e-04 2.102648282005475325e-03 -5.162102851133742814e-05 -8.744030346631474304e-06 -4.393103775073115371e-04
8.090978845359160232e-01 6.102981354061937265e-03 -1.210872812777685206e-04 2.158380332938175834e-03 -5.258326803347498701e-05 -8.996391932736751712e-06 -4.496372841495292825e-04
8.345423756501979540e-01 6.164512166281835986e-03 -1.225839191278795209e-04 2.182759813543393070e-03 -5.300812407906314345e-05 -9.106738364225476173e-06 -4.541762767223326397e-04
8.345423756501979540e-01 6.164512166281835986e-03 -1.225839191278795209e-04 2.182759813543393070e-03 -5.300812407906314345e-05 -9.106738364225476173e-06 -4.541762767223326397e-04
8.599868667644797737e-01 6.226719776337550152e-03 -1.240922676476666339e-04 2.207336138033666375e-03 -5.343872825618143919e-05 -9.217962380772261956e-06 -4.587652260115498916e-04
9.189412166327028952e-01 6.373482977998222096e-03 -1.276329418928803144e-04 2.265036935185361228e-03 -5.445845902760084129e-05 -9.479101607413599430e-06 -4.695918199029923390e-04
1.009082569464343937e+00 6.605110279936201798e-03 -1.331741993443477873e-04 2.355314853630799572e-03 -5.607686687702575921e-05 -9.887933741590856427e-06 -4.866791155131438163e-04
1.127145548193849933e+00 6.922047592586810967e-03 -1.406753956375638521e-04 2.477325411585312546e-03 -5.830410871441080140e-05 -1.044161888439204116e-05 -5.100604797085569542e-04
1.268861708911511954e+00 7.323472904268059011e-03 -1.500638820854100614e-04 2.629441598131819404e-03 -6.113682202732314229e-05 -1.113496445215033005e-05 -5.396759077187082351e-04
1.429108665122774013e+00 7.806048608172445023e-03 -1.612159752726725242e-04 2.808899787845685943e-03 -6.454613222168367683e-05 -1.195898878343949982e-05 -5.752799382811441247e-04
1.602094518045185989e+00 8.362561648076353993e-03 -1.739334141506394045e-04 3.011487304540848894e-03 -6.846742818568601148e-05 -1.289915592025518336e-05 -6.163412437582040104e-04
1.781567029088843901e+00 8.980662267923714831e-03 -1.879190642406410332e-04 3.231347978954744824e-03 -7.279413504875446828e-05 -1.393356262260679834e-05 -6.619494379802580734e-04
1.961039540132502035e+00 9.641983453456466624e-03 -2.027581122866697753e-04 3.460974760001524295e-03 -7.737707529598791118e-05 -1.503154010452032280e-05 -7.107499238753196662e-04
2.134025393054913788e+00 1.032193628266636458e-02 -2.179119014809383949e-04 3.691428779889684587e-03 -8.202995724910422577e-05 -1.615319863471899344e-05 -7.609285960191691485e-04
2.294272349266175848e+00 1.099041353812520161e-02 -2.327303939645452343e-04 3.912781836202809845e-03 -8.654039920547430906e-05 -1.725035667533943290e-05 -8.102635965788853364e-04
2.435988509983837869e+00 1.161349395811855749e-02 -2.464860747938835681e-04 4.114736844925288503e-03 -9.068498930519082934e-05 -1.826906169705055219e-05 -8.562510027939652935e-04
2.554051488713343865e+00 1.215604836076701611e-02 -2.584276768455509988e-04 4.287350565456849415e-03 -9.424638133436525386e-05 -1.915358181916157587e-05 -8.962972060069076055e-04
2.644192841544985129e+00 1.258495139316223761e-02 -2.678475437060168804e-04 4.421770667938674203e-03 -9.703035455296017675e-05 -1.985140950930178077e-05 -9.279561335541168391e-04
2.703147191413207917e+00 1.287243485087649977e-02 -2.741526170482472963e-04 4.510899483560063157e-03 -9.888092739510321867e-05 -2.031853436989496315e-05 -9.491770327147217154e-04
2.728591682527489848e+00 1.299823154783202178e-02 -2.769095277487482816e-04 4.549661397773391465e-03 -9.968681556027403931e-05 -2.052279611675303446e-05 -9.584630197395963523e-04
2.728591682527489848e+00 1.299823154783202178e-02 -2.769095277487482816e-04 4.549661397773391465e-03 -9.968681556027403931e-05 -2.052279611675303446e-05 -9.584630197395963523e-04
2.754036173641771779e+00 1.312507144240319425e-02 -2.796880963695254742e-04 4.588599683795284781e-03 -1.004970023542920511e-04 -2.072866853721546396e-05 -9.678261166061534167e-04
2.812990523509995011e+00 1.342298910415843684e-02 -2.862097926543147406e-04 4.679492558678694826e-03 -1.023905712102861977e-04 -2.121190339940280174e-05 -9.898182790676337498e-04
2.903131876341635831e+00 1.388949773943039603e-02 -2.964103459050153951e-04 4.820269918636189109e-03 -1.053295131924416342e-04 -2.196779003887831011e-05 -1.024256896728818235e-03
3.021194855071141827e+00 1.452088891738971890e-02 -3.101959496908488368e-04 5.007898228672870780e-03 -1.092570424835575258e-04 -2.298944811417331428e-05 -1.070869659541502693e-03
3.162911015788802960e+00 1.530982525439900273e-02 -3.273934447999786294e-04 5.237872462286725581e-03 -1.140853881585119679e-04 -2.426412450240980943e-05 -1.129116732056163188e-03
3.323157972000065019e+00 1.624353915478514085e-02 -3.477136703088739276e-04 5.503999393914753117e-03 -1.196897891412630765e-04 -2.577046442937126178e-05 -1.198057577645146761e-03
3.496143824922476995e+00 1.730209663737762582e-02 -3.707155801641620770e-04 5.798290243620551031e-03 -1.259052453711252684e-04 -2.747583946022578256e-05 -1.276222486705118515e-03
3.675616335966135129e+00 1.845706840304619720e-02 -3.957783306786852306e-04 6.111018109679395086e-03 -1.325273312416191084e-04 -2.933426748997770196e-05 -1.361514080948846451e-03
3.855088847009791930e+00 1.967097938934607437e-02 -4.220894286772772729e-04 6.430971442576718065e-03 -1.393176876949054103e-04 -3.128552535365001700e-05 -1.451166251782032767e-03
4.028074699932204794e+00 2.089784609928911976e-02 -4.486558355823432867e-04 6.745898446171458458e-03 -1.460139279591264366e-04 -3.325596638156448528e-05 -1.541783454737541371e-03
4.188321656143465965e+00 2.208496877699188399e-02 -4.743418791288059170e-04 7.043103161533657321e-03 -1.523429390533401055e-04 -3.516132987347755738e-05 -1.629472804730103816e-03
4.330037816861127098e+00 2.317594546810676850e-02 -4.979334581890923440e-04 7.310130965523969557e-03 -1.580361027304244168e-04 -3.691150568372211603e-05 -1.710066639804905990e-03
4.448100795590634426e+00 2.411465725260264134e-02 -5.182232535521819105e-04 7.535473074625831554e-03 -1.628448433586335948e-04 -3.841686251955071525e-05 -1.779417098544051109e-03
4.538242148422273914e+00 2.484978298371462099e-02 -5.341074752578507884e-04 7.709224439344578711e-03 -1.665550651933101758e-04 -3.959543712354774282e-05 -1.833730081913299056e-03
4.597196498290497146e+00 2.533925325827897021e-02 -5.446814320401883319e-04 7.823636660317595873e-03 -1.689992322863320684e-04 -4.038003928508758294e-05 -1.869894911664679929e-03
4.622640989404779077e+00 2.555263695791242309e-02 -5.492905992066340936e-04 7.873202448385524174e-03 -1.700583417855826957e-04 -4.072205507887865356e-05 -1.885661279010530022e-03
4.622640989404779077e+00 2.555263695791242309e-02 -5.492905992066340936e-04 7.873202448385524174e-03 -1.700583417855826957e-04 -4.072205507887865356e-05 -1.885661279010530022e-03
4.648085480519061008e+00 2.576730823660522765e-02 -5.539272667730230082e-04 7.922878982496711978e-03 -1.711199609128060436e-04 -4.106611709165232209e-05 -1.901523010289276391e-03
4.707039830387284240e+00 2.626965707301090122e-02 -5.647762860649494128e-04 8.038398935140534871e-03 -1.735892308287773512e-04 -4.187118580339170120e-05 -1.938641684843937698e-03
4.797181183218926392e+00 2.705119836654887658e-02 -5.816518489739796365e-04 8.216143165965228076e-03 -1.773899428657765213e-04 -4.312352314168742029e-05 -1.996392419020779924e-03
4.915244161948431056e+00 2.809956093117232934e-02 -6.042834961865462245e-04 8.450920984362782912e-03 -1.824125620885907204e-04 -4.480313081061095752e-05 -2.073864141625454335e-03
5.056960322666093077e+00 2.939526008026336484e-02 -6.322471664893824540e-04 8.735577180993686630e-03 -1.885054485462379654e-04 -4.687862446379307429e-05 -2.169620784845026351e-03
5.217207278877355137e+00 3.090979395734623492e-02 -6.649248074850179838e-04 9.061005928962575715e-03 -1.954748225262839870e-04 -4.930422413741523957e-05 -2.281560121764644559e-03
5.390193131799767556e+00 3.260405343037334897e-02 -7.014705858436792773e-04 9.416289546210186018e-03 -2.030875247057272609e-04 -5.201723198566814306e-05 -2.406795620642931781e-03
5.569665642843425246e+00 3.442744608841794007e-02 -7.407922740809383833e-04 9.788982600396451197e-03 -2.110770351276810902e-04 -5.493663519327779486e-05 -2.541590969365745047e-03
5.749138153887082936e+00 3.631811496529171318e-02 -7.815560242673626245e-04 1.016554178721870531e-02 -2.191527415855591199e-04 -5.796344561036509554e-05 -2.681375507992568314e-03
5.922124006809495356e+00 3.820450899142181084e-02 -8.222201117036487435e-04 1.053187600222255625e-02 -2.270118650665376347e-04 -6.098319343126377918e-05 -2.820859717248993485e-03
6.082370963020757415e+00 4.000837306286769701e-02 -8.610991655053178281e-04 1.087397145987896267e-02 -2.343530268018998353e-04 -6.387069064731994335e-05 -2.954255948410422928e-03
6.224087123738419436e+00 4.164900508681187996e-02 -8.964556440656515010e-04 1.117853793461257017e-02 -2.408902630273732439e-04 -6.649682609757746486e-05 -3.075593247236961102e-03
6.342150102467924988e+00 4.304841635451377158e-02 -9.266107545351468400e-04 1.143362426992523481e-02 -2.463663533656288915e-04 -6.873681390773627949e-05 -3.179099445285717921e-03
6.432291455299566252e+00 4.413686601282109517e-02 -9.500634383603950893e-04 1.162916072077320451e-02 -2.505645448752365050e-04 -7.047904927651726123e-05 -3.259611336151788628e-03
6.491245805167788596e+00 4.485811292961301017e-02 -9.656032935419040994e-04 1.175739191055661000e-02 -2.533178968619021550e-04 -7.163351892419782534e-05 -3.312964210015734677e-03
6.516690296282071415e+00 4.517169352804169952e-02 -9.723594642068091737e-04 1.181281780542849102e-02 -2.545080386344998656e-04 -7.213545481540246181e-05 -3.336161414628540517e-03
6.516690296282071415e+00 4.517169352804169952e-02 -9.723594642068091737e-04 1.181281780542849102e-02 -2.545080386344998656e-04 -7.213545481540246181e-05 -3.336161414628540517e-03
6.542134787396353346e+00 4.548665730963898091e-02 -9.791453292199824975e-04 1.186829193632130477e-02 -2.556992447437971341e-04 -7.263960527662564816e-05 -3.359461350689274279e-03
6.601089137264576578e+00 4.622173911753277992e-02 -9.949821934054883972e-04 1.199700562735074062e-02 -2.584632432770266248e-04 -7.381622551570906580e-05 -3.413841766458836427e-03
6.691230490096217842e+00 4.736005228336256923e-02 -1.019505350024007585e-03 1.219428161997336731e-02 -2.626998196594354583e-04 -7.563829558812883982e-05 -3.498057111485616041e-03
6.809293468825723394e+00 4.887726738483620659e-02 -1.052189464061128099e-03 1.245348088900516750e-02 -2.682666745039215435e-04 -7.806689417719495561e-05 -3.610312834985015661e-03
6.951009629543385415e+00 5.073787298507525384e-02 -1.092268256965846793e-03 1.276573950624684296e-02 -2.749736922788010413e-04 -8.104521713154945581e-05 -3.747988079796650898e-03
7.111256585754646586e+00 5.289361773102410624e-02 -1.138701192509292137e-03 1.312017249504529928e-02 -2.825872529786686632e-04 -8.449608289399173191e-05 -3.907519492349973214e-03
7.284242438677058118e+00 5.528250254128377894e-02 -1.190151973953397502e-03 1.350419482121274599e-02 -2.908370915727643527e-04 -8.832031175994498929e-05 -4.084325532235292926e-03
7.463714949720715808e+00 5.782871466376400538e-02 -1.244987265025491487e-03 1.390395326200375044e-02 -2.994255749791545937e-04 -9.239660655417700327e-05 -4.272800389477359427e-03
7.643187460764372609e+00 6.044384520518297083e-02 -1.301302981654760575e-03 1.430485171208658451e-02 -3.080390146988995644e-04 -9.658348442893731919e-05 -4.466402973404792927e-03
7.816173313686785917e+00 6.302957298251400664e-02 -1.356982092707234317e-03 1.469213719817821784e-02 -3.163602984750349032e-04 -1.007235570111367229e-04 -4.657854734479437674e-03
7.976420269898047088e+00 6.548178974112009443e-02 -1.409783398070789612e-03 1.505150478916251165e-02 -3.240819286100725611e-04 -1.046501238041567145e-04 -4.839444697500615462e-03
8.118136430615708221e+00 6.769592346936122162e-02 -1.457456054095053726e-03 1.536967886863374426e-02 -3.309185426711444902e-04 -1.081956931779889567e-04 -5.003423859029586945e-03
8.236199409345214661e+00 6.957302529494199805e-02 -1.497870501367188105e-03 1.563493487063441836e-02 -3.366181401868240716e-04 -1.112017368859935707e-04 -5.142456819872648181e-03
8.326340762176855037e+00 7.102604823829235248e-02 -1.529153499581076053e-03 1.583753614292754755e-02 -3.409714711213917616e-04 -1.135287615621052902e-04 -5.250088206868476319e-03
8.385295112045078270e+00 7.198563492564863386e-02 -1.549812585209311587e-03 1.597006519641833155e-02 -3.438191444459338204e-04 -1.150655999784815938e-04 -5.321173053607212641e-03
8.410739603159360200e+00 7.240205308370763204e-02 -1.558777610442980792e-03 1.602726799871918156e-02 -3.450482688122530903e-04 -1.157325335138853283e-04 -5.352021796132176018e-03
8.410739603159360200e+00 7.240205308370763204e-02 -1.558777610442980792e-03 1.602726799871918156e-02 -3.450482688122530903e-04 -1.157325335138853283e-04 -5.352021796132176018e-03
8.436184094273642131e+00 7.281983506951712759e-02 -1.567771935207141901e-03 1.608447228684645874e-02 -3.462774238611214181e-04 -1.164016597079258326e-04 -5.382972219164164872e-03
8.495138444141865364e+00 7.379306311230290905e-02 -1.588724082212533998e-03 1.621701622487067840e-02 -3.491254046008690189e-04 -1.179604296583714514e-04 -5.455074100599368973e-03
8.585279796973505739e+00 7.529525294890333786e-02 -1.621063346941520279e-03 1.641967149054779015e-02 -3.534798513763407054e-04 -1.203665011167783010e-04 -5.566371139995284108e-03
8.703342775703012180e+00 7.728851858668969732e-02 -1.663973370027553751e-03 1.668505721044629200e-02 -3.591821339926269891e-04 -1.235593040801884386e-04 -5.714064742627639540e-03
8.845058936420674200e+00 7.971958512961944965e-02 -1.716306429117860511e-03 1.700348163050940248e-02 -3.660239460002092000e-04 -1.274536411243107868e-04 -5.894217474322280444e-03
9.005305892631936260e+00 8.251887702197244212e-02 -1.776563957032327185e-03 1.736327169546932059e-02 -3.737543903187120977e-04 -1.319382075783571008e-04 -6.101683998576699734e-03
9.178291745554348680e+00 8.560035836951949972e-02 -1.842893246837165253e-03 1.775120753999583079e-02 -3.820893285498588757e-04 -1.368753116171828564e-04 -6.330097510065463631e-03
9.357764256598006369e+00 8.886246449280207904e-02 -1.913107626295111521e-03 1.815303786787054660e-02 -3.907224756850498663e-04 -1.421023403552649838e-04 -6.571937004703640173e-03
9.537236767641664059e+00 9.219040190484083241e-02 -1.984736052670046675e-03 1.855404813795952929e-02 -3.993376315312191266e-04 -1.474354203650499661e-04 -6.818696207540141281e-03
9.710222620564076479e+00 9.545992082707960291e-02 -2.055104356033539328e-03 1.893964608335675995e-02 -4.076212800676971620e-04 -1.526754446136798415e-04 -7.061162185542131306e-03
9.870469576775338538e+00 9.854245616497242510e-02 -2.121445881959204468e-03 1.929592707055457698e-02 -4.152747454418149195e-04 -1.576163038826012555e-04 -7.289796207268497800e-03
1.001218573749300056e+01 1.013113291863453613e-01 -2.181034906636119576e-03 1.961018615150694755e-02 -4.220251892362827570e-04 -1.620548326483434935e-04 -7.495194202269417523e-03
1.013024871622251055e+01 1.036485361568278141e-01 -2.231332633113697252e-03 1.987135295095331794e-02 -4.276349365209779880e-04 -1.658017105820540067e-04 -7.668591692309925309e-03
1.022039006905414915e+01 1.054515409003724535e-01 -2.270133234647965688e-03 2.007033657794551201e-02 -4.319088586567984946e-04 -1.686923823661384434e-04 -7.802369760002167941e-03
1.027934441892237061e+01 1.066393895284793308e-01 -2.295695294857424441e-03 2.020027137058353489e-02 -4.346996208860743585e-04 -1.705968972819726448e-04 -7.890511114514213442e-03
1.030478891003665076e+01 1.071541667807942022e-01 -2.306773011233720794e-03 2.025629933985898315e-02 -4.359029804003662525e-04 -1.714222789043560579e-04 -7.928710409272860665e-03
1.030478891003665076e+01 1.071541667833078026e-01 -2.306773011288888037e-03 -2.989426735341045235e-02 7.524711492068453375e-04 -1.714222789152584426e-04 -7.928710409801427439e-03
1.033023340115092914e+01 1.063971603691587775e-01 -2.287711563958680968e-03 -2.961793195615108898e-02 7.460472988242942017e-04 -1.700166982761690574e-04 -7.872769509655109729e-03
1.038918775101915948e+01 1.046707963034241989e-01 -2.244189886044265468e-03 -2.898960886431964021e-02 7.314460809871795987e-04 -1.668075290392090511e-04 -7.745194589961516655e-03
1.047932910385079985e+01 1.021038000509726790e-01 -2.179336796799231230e-03 -2.806019641763647307e-02 7.098617217473213040e-04 -1.620256956709828099e-04 -7.555496268263024728e-03
1.059739208258029919e+01 9.886925632354319482e-02 -2.097365569088867950e-03 -2.689756832892533853e-02 6.828858654618814601e-04 -1.559821490455134919e-04 -7.316462795678465962e-03
1.073910824329795943e+01 9.516805087069413194e-02 -2.003190479195369762e-03 -2.557915457308747309e-02 6.523315743846673509e-04 -1.490395287284832849e-04 -7.042937091481087444e-03
1.089935519950923037e+01 9.120687839964977672e-02 -1.901906042909727070e-03 -2.418278039156433745e-02 6.200171161737988218e-04 -1.415737006564454954e-04 -6.750192133896357020e-03
1.107234105243163924e+01 8.717971734599068434e-02 -1.798346408595648130e-03 -2.277929068940110630e-02 5.875922608049278465e-04 -1.339412191015264698e-04 -6.452562314983737238e-03
1.125181356347530048e+01 8.325512186349703914e-02 -1.696780014085545827e-03 -2.142787993717036946e-02 5.564288162865091772e-04 -1.264567845015163443e-04 -6.162504404355676618e-03
1.143128607451894929e+01 7.956982232361178853e-02 -1.600750692962728825e-03 -2.017418879685058120e-02 5.275767825649785086e-04 -1.193815243782499024e-04 -5.890124467435343091e-03
1.160427192744137059e+01 7.622777095888753907e-02 -1.513044694664028404e-03 -1.905064469228103657e-02 5.017736598469897192e-04 -1.129205805232054444e-04 -5.643107025336392343e-03
1.176451888365263088e+01 7.330306479311389511e-02 -1.435746823177429764e-03 -1.807826863921764560e-02 4.794884118882498263e-04 -1.072272834098295216e-04 -5.426930690873612607e-03
1.190623504437028934e+01 7.084505955746817074e-02 -1.370346497307428028e-03 -1.726918699965309528e-02 4.609819869284670748e-04 -1.024110164021556813e-04 -5.245245741882393134e-03
1.202429802309979934e+01 6.888424801129917896e-02 -1.317861002483764745e-03 -1.662925735828914980e-02 4.463703616210807062e-04 -9.854634956015357022e-05 -5.100308253334471902e-03
1.211443937593143971e+01 6.743789353772844386e-02 -1.278953288254445477e-03 -1.616043289720982962e-02 4.356811948371710195e-04 -9.568176782058915363e-05 -4.993396227981012313e-03
1.217339372579965939e+01 6.651486466521255858e-02 -1.254032646155231294e-03 -1.586269178992299328e-02 4.288999735518392439e-04 -9.384712963757648255e-05 -4.925166752202152047e-03
1.219883821691393955e+01 6.612195796817117721e-02 -1.243402393241208699e-03 -1.573629954160314648e-02 4.260230894471637433e-04 -9.306457401338264510e-05 -4.896123251604421814e-03
1.219883821691393955e+01 6.612195796817117721e-02 -1.243402393241208699e-03 -1.573629954160314648e-02 4.260230894471637433e-04 -9.306457401338264510e-05 -4.896123251604421814e-03
1.222428270802821970e+01 6.573230096251229948e-02 -1.232846623610223472e-03 -1.561115926385444296e-02 4.231757667850796854e-04 -9.228752274034117235e-05 -4.867319856193348150e-03
1.228323705789645004e+01 6.484178025086664854e-02 -1.208671075028254797e-03 -1.532594259868044415e-02 4.166902719340164255e-04 -9.050794732835747516e-05 -4.801492263111370451e-03
1.237337841072809042e+01 6.351265246502788009e-02 -1.172450263626610787e-03 -1.490228823574103918e-02 4.070676616154761071e-04 -8.784192892525849309e-05 -4.703241591253960220e-03
1.249144138945758975e+01 6.182917340515599325e-02 -1.126321660880141634e-03 -1.436925900558011851e-02 3.949801852954629633e-04 -8.444703878348567292e-05 -4.578794939293217604e-03
1.263315755017526065e+01 5.989046566907744312e-02 -1.072825468467384583e-03 -1.376048852356705557e-02 3.812035993472026618e-04 -8.051048978508286598e-05 -4.435478463870642929e-03
1.279340450638651916e+01 5.780036499039546694e-02 -1.014662489224237669e-03 -1.311043818207482253e-02 3.665294197015485670e-04 -7.623126013636845593e-05 -4.280967084483408222e-03
1.296639035930892980e+01 5.565854313262166148e-02 -9.544799551331160925e-04 -1.245126057588405617e-02 3.516917244886151551e-04 -7.180428767793006729e-05 -4.122628447619520152e-03
1.314586287035258927e+01 5.355404211022281313e-02 -8.947118083399155852e-04 -1.181067017157914727e-02 3.373179160470799430e-04 -6.740869205489370014e-05 -3.967045009349370877e-03
1.332533538139625051e+01 5.156157688303977110e-02 -8.374816165961824783e-04 -1.121090135829160006e-02 3.239052614479515958e-04 -6.320062859343106862e-05 -3.819740652251856980e-03
1.349832123431865938e+01 4.974036118082649643e-02 -7.845623892353358443e-04 -1.066860015792132563e-02 3.118194922831278538e-04 -5.931034889359278807e-05 -3.685093740652312013e-03
1.365856819052991966e+01 4.813485413837115950e-02 -7.373794974279764426e-04 -1.019537504283679445e-02 3.013088930569364759e-04 -5.584244685161243938e-05 -3.566392136534815831e-03
1.380028435124757991e+01 4.677671141252287557e-02 -6.970405521726807420e-04 -9.798713511574278293e-03 2.925268821078310993e-04 -5.287809492921840068e-05 -3.465977262868496361e-03
1.391834732997708990e+01 4.568728548882330237e-02 -6.643777926014656464e-04 -9.483017992715111338e-03 2.855572253994838848e-04 -5.047820125741408180e-05 -3.385428797873531789e-03
1.400848868280873027e+01 4.488017167812084068e-02 -6.399922731015378384e-04 -9.250588569089942398e-03 2.804377985109309055e-04 -4.868669479573232176e-05 -3.325752788864054770e-03
1.406744303267694995e+01 4.436349211232119838e-02 -6.242939646374330229e-04 -9.102459153340678941e-03 2.771806926926846507e-04 -4.753350284747696224e-05 -3.287550437405464040e-03
1.409288752379123011e+01 4.414317284965529192e-02 -6.175784820025756851e-04 -9.039453554058230964e-03 2.757966623803025986e-04 -4.704021008421564569e-05 -3.271260350027590039e-03
1.409288752379123011e+01 4.414317284965529192e-02 -6.175784820025756851e-04 -9.039453554058230964e-03 2.757966623803025986e-04 -4.704021008421564569e-05 -3.271260350027590039e-03
1.411833201490551915e+01 4.392444738577562513e-02 -6.108986017756946147e-04 -8.976998294056527314e-03 2.744255336207566476e-04 -4.654954694451889541e-05 -3.255088058357419756e-03
1.417728636477374060e+01 4.342371094577856389e-02 -5.955564341110592894e-04 -8.834374191769066645e-03 2.712974885322213376e-04 -4.542265985275080844e-05 -3.218064043636636052e-03
1.426742771760537920e+01 4.267408344615840343e-02 -5.724550849598359671e-04 -8.621797551099139034e-03 2.666434718808921101e-04 -4.372600328120587455e-05 -3.162636775692133709e-03
1.438549069633488919e+01 4.172062190693424932e-02 -5.428297779952048156e-04 -8.353070829624806987e-03 2.607749246009166298e-04 -4.155045836756664045e-05 -3.092137260216081766e-03
1.452720685705254944e+01 4.061693470913711052e-02 -5.081760734780618998e-04 -8.044362696027427748e-03 2.540549045288995121e-04 -3.900602295352263997e-05 -3.010528833346750709e-03
1.468745381326380972e+01 3.942001934413406211e-02 -4.701241190699445918e-04 -7.712509846339999156e-03 2.468588234417542094e-04 -3.621253919283988400e-05 -2.922025584209732643e-03
1.486043966618622036e+01 3.818560841958142105e-02 -4.303224135912385863e-04 -7.373545548349071457e-03 2.395407131348014555e-04 -3.329112965917897272e-05 -2.830748309408334142e-03
1.503991217722987983e+01 3.696461640899453144e-02 -3.903449355544544785e-04 -7.041644544985391566e-03 2.324094172479049454e-04 -3.035736403982400612e-05 -2.740461797243572833e-03
1.521938468827353930e+01 3.580091950319268940e-02 -3.516270380307907287e-04 -6.728540634438408795e-03 2.257159591047914668e-04 -2.751655379824025964e-05 -2.654410630019610976e-03
1.539237054119594994e+01 3.473040837344402304e-02 -3.154289106111713499e-04 -6.443370421951661459e-03 2.196509082904656257e-04 -2.486108393423826384e-05 -2.575249073605443730e-03
1.555261749740721022e+01 3.378106303388902359e-02 -2.828212414767998137e-04 -6.192836873477254242e-03 2.143491671763410929e-04 -2.246938282652294515e-05 -2.505046531947836830e-03
1.569433365812487047e+01 3.297371840594286868e-02 -2.546860952879472992e-04 -5.981568591202761700e-03 2.098992027087886287e-04 -2.040601193538203531e-05 -2.445344081733713450e-03
1.581239663685438046e+01 3.232319533035594994e-02 -2.317263602109696373e-04 -5.812563007014324643e-03 2.063540661621570348e-04 -1.872238284292463716e-05 -2.397238048733757367e-03
1.590253798968602084e+01 3.183952985950378595e-02 -2.144785822164406561e-04 -5.687629046107246095e-03 2.037422153636954934e-04 -1.745771834736020532e-05 -2.361470874003378413e-03
1.596149233955424052e+01 3.152912529087923549e-02 -2.033263472126123242e-04 -5.607778615316227552e-03 2.020769603981107916e-04 -1.664004808193009317e-05 -2.338516286879735364e-03
1.598693683066852955e+01 3.139657633550747146e-02 -1.985437900416734118e-04 -5.573760007740602082e-03 2.013685065265332285e-04 -1.628940752379706279e-05 -2.328714196959246613e-03
1.598693683066852955e+01 3.139657633550747146e-02 -1.985437900416734118e-04 -5.573760007740602082e-03 2.013685065265332285e-04 -1.628940752379706279e-05 -2.328714196959246613e-03
1.601238132178281148e+01 3.126487406597962954e-02 -1.937795229106138327e-04 -5.540005874549168950e-03 2.006661565072054222e-04 -1.594011475922925617e-05 -2.318974707039709020e-03
1.607133567165103116e+01 3.096293893702992475e-02 -1.828102453273781696e-04 -5.462801051925651047e-03 1.990619601750336087e-04 -1.513592663417162926e-05 -2.296646310727726379e-03
1.616147702448267154e+01 3.050980958463607451e-02 -1.662221297175577625e-04 -5.347406567752202751e-03 1.966702757362798909e-04 -1.391987273073238988e-05 -2.263136833332114045e-03
1.627954000321217976e+01 2.993149541980681325e-02 -1.448224200569580113e-04 -5.200964484353587380e-03 1.936459088239151250e-04 -1.235120234023392088e-05 -2.220369584432872138e-03
1.642125616392984000e+01 2.925923629298058520e-02 -1.196061523749692432e-04 -5.031927640967637748e-03 1.901707111395635539e-04 -1.050292539191169645e-05 -2.170654699942355971e-03
1.658150312014110028e+01 2.852666160480662669e-02 -9.168359527944660865e-05 -4.849218428386013052e-03 1.864346166334031091e-04 -8.456475720634699009e-06 -2.116479086462650511e-03
1.675448897306350915e+01 2.776716252200757407e-02 -6.221002829629048402e-05 -4.661479150392686642e-03 1.826189806507471627e-04 -6.296552342758651105e-06 -2.060312104269731211e-03
1.693396148410716862e+01 2.701180814816988088e-02 -3.232571643904924688e-05 -4.476510458837529988e-03 1.788844076267874983e-04 -4.106717003387729283e-06 -2.004451453972857979e-03
1.711343399515083163e+01 2.628795482042754761e-02 -3.109683902630537999e-06 -4.300933575770068615e-03 1.753638279608736572e-04 -1.966011604654956430e-06 -1.950920304260396042e-03
1.728641984807324050e+01 2.561854468605975418e-02 2.445244261352013770e-05 -4.140063001821192752e-03 1.721604365087140538e-04 5.338732722887611943e-08 -1.901415386758294277e-03
1.744666680428450078e+01 2.502198250716917288e-02 4.948849474747210088e-05 -3.997945204672914178e-03 1.693493865390544072e-04 1.887625571457738349e-06 -1.857297856322043814e-03
1.758838296500216103e+01 2.451242615997202556e-02 7.125073780202010524e-05 -3.877506464317702958e-03 1.669818674691664784e-04 3.481963804266747471e-06 -1.819614756972673126e-03
1.770644594373166925e+01 2.410031850831106243e-02 8.912082312239733679e-05 -3.780755323624932634e-03 1.650902761057138199e-04 4.791132818931557518e-06 -1.789138353111172693e-03
1.779658729656330962e+01 2.379301098086223851e-02 1.026112024559030052e-04 -3.708995781752601976e-03 1.636934678328882530e-04 5.779434372296590970e-06 -1.766412255975411197e-03
1.785554164643153996e+01 2.359537528040786883e-02 1.113642406800372198e-04 -3.663022944068173182e-03 1.628014492039338583e-04 6.420677563287128313e-06 -1.751796680998247719e-03
1.788098613754581834e+01 2.351088135060766526e-02 1.151252291979145331e-04 -3.643411148083004238e-03 1.624216087799556412e-04 6.696205516387285108e-06 -1.745548187760152022e-03
1.788098613754581834e+01 2.351088135060766526e-02 1.151252291979145331e-04 -3.643411148083004238e-03 1.624216087799556412e-04 6.696205516387285108e-06 -1.745548187760152022e-03
1.790643062866010027e+01 2.342686773863619787e-02 1.188762041196111382e-04 -3.623936316560060628e-03 1.620448348544380993e-04 6.970999890147195762e-06 -1.739335221452992285e-03
1.796538497852831995e+01 2.323403661795101632e-02 1.275290763891089106e-04 -3.579333547950371789e-03 1.611834908579081306e-04 7.604905085995983209e-06 -1.725075019421744120e-03
1.805552633135996032e+01 2.294405080238806280e-02 1.406583207046403826e-04 -3.512513822536581041e-03 1.598972828826818150e-04 8.566750406398878577e-06 -1.703630130275320077e-03
1.817358931008946854e+01 2.257289799189775986e-02 1.576744784266342827e-04 -3.427444541269095060e-03 1.582672567591757098e-04 9.813361487334509070e-06 -1.676182966813353570e-03
1.831530547080712878e+01 2.213993607358468244e-02 1.778394177887943398e-04 -3.328862201328534713e-03 1.563891694056934354e-04 1.129068115674801733e-05 -1.644165194761678089e-03
1.847555242701838907e+01 2.166622398449143810e-02 2.003128053396858511e-04 -3.221823852327110327e-03 1.543637944717370677e-04 1.293717411654174291e-05 -1.609134280113162828e-03
1.864853827994080859e+01 2.117294373294444088e-02 2.241992565035107188e-04 -3.111297807274124132e-03 1.522882670337207813e-04 1.468727741085138582e-05 -1.572656771285294930e-03
1.882801079098446095e+01 2.068010923139091892e-02 2.485913116242285839e-04 -3.001845914765126008e-03 1.502496055269927824e-04 1.647454130461831149e-05 -1.536212788768596352e-03
1.900748330202812042e+01 2.020565910144347943e-02 2.726057042189907213e-04 -2.897419725066430109e-03 1.483208554668213127e-04 1.823427668531452713e-05 -1.501128913324460993e-03
1.918046915495052929e+01 1.976494538780117910e-02 2.954121569529005427e-04 -2.801267834674535731e-03 1.465597223691925838e-04 1.990565566452330877e-05 -1.468540361558899740e-03
1.934071611116178957e+01 1.937056688765057683e-02 3.162551992104833281e-04 -2.715934591883803831e-03 1.450091795585225444e-04 2.143330437796675972e-05 -1.439378660050346899e-03
1.948243227187944981e+01 1.903246053388469097e-02 3.344701666608617752e-04 -2.643322321934210659e-03 1.436993743616524438e-04 2.276847506710606893e-05 -1.414378418102555605e-03
1.960049525060896158e+01 1.875815441847016388e-02 3.494947017595376854e-04 -2.584788729825817158e-03 1.426501723179822824e-04 2.386989475909522692e-05 -1.394096067337627929e-03
1.969063660344059841e+01 1.855309460122661278e-02 3.608768741171660115e-04 -2.541255450245166747e-03 1.418738041221374359e-04 2.470437159937145799e-05 -1.378934066543833440e-03
1.974959095330882164e+01 1.842098256424145805e-02 3.682803123120197424e-04 -2.513311381304329534e-03 1.413772680717252303e-04 2.524718518804728088e-05 -1.369165896172010611e-03
1.977503544442310002e+01 1.836444512691058628e-02 3.714658093132453486e-04 -2.501377486458135867e-03 1.411656539667969828e-04 2.548075186954521038e-05 -1.364985629521166732e-03
1.977503544442310002e+01 1.836444512691058628e-02 3.714658093132453486e-04 -2.501377486458135867e-03 1.411656539667969828e-04 2.548075186954521038e-05 -1.364985629521166732e-03
1.980047993553738905e+01 1.830819537268234612e-02 3.746454538089534709e-04 -2.489519132849467038e-03 1.409556413943146755e-04 2.571389485552080844e-05 -1.360826651006764865e-03
1.985943428540560873e+01 1.817896097771821637e-02 3.819903500188407547e-04 -2.462330700595163901e-03 1.404751255494675907e-04 2.625247025793603473e-05 -1.351271421996555347e-03
1.994957563823724911e+01 1.798427535026401319e-02 3.931614661076773560e-04 -2.421521738821485591e-03 1.397565173370708008e-04 2.707166745668674809e-05 -1.336877096063138984e-03
2.006763861696676088e+01 1.773449492780371922e-02 4.076870011534287539e-04 -2.369429791357232067e-03 1.388439004563053975e-04 2.813696100628535558e-05 -1.318409609247093734e-03
2.020935477768442112e+01 1.744224686068361618e-02 4.249687828899792593e-04 -2.308866164980227960e-03 1.377896125741681264e-04 2.940456987635970616e-05 -1.296802805314485564e-03
2.036960173389568141e+01 1.712139327274550191e-02 4.443152284666339888e-04 -2.242861510080403336e-03 1.366490942179105449e-04 3.082386114737255343e-05 -1.273081812103499157e-03
2.054258758681809027e+01 1.678603341135155580e-02 4.649763235556427020e-04 -2.174428939172145820e-03 1.354762384234535217e-04 3.233989968200358259e-05 -1.248289220343220315e-03
2.072206009786174974e+01 1.644966519256608681e-02 4.861773375000842125e-04 -2.106374639307346912e-03 1.343198519199715105e-04 3.389590518263175075e-05 -1.223423055763790028e-03
2.090153260890540921e+01 1.612457090884365785e-02 5.071493593695117208e-04 -2.041170123236847513e-03 1.332214812654693614e-04 3.543547891815029729e-05 -1.199391339241159208e-03
2.107451846182782162e+01 1.582144180957062440e-02 5.271557205913539107e-04 -1.980886671837253643e-03 1.322145539053833302e-04 3.690453439139253070e-05 -1.176984326497201080e-03
2.123476541803907836e+01 1.554921736289563428e-02 5.455141085048627369e-04 -1.927182700993970059e-03 1.313245767332564941e-04 3.825291975563997564e-05 -1.156862639662949166e-03
2.137648157875673860e+01 1.531509147209264045e-02 5.616146236206220410e-04 -1.881329602415019288e-03 1.305700406678168704e-04 3.943575141592227308e-05 -1.139557759847264996e-03
2.149454455748625037e+01 1.512462920601251315e-02 5.749342187998465487e-04 -1.844260511819378673e-03 1.299636816128209836e-04 4.041449022568886258e-05 -1.125480703015462785e-03
2.158468591031789074e+01 1.498194039578345377e-02 5.850479347462923026e-04 -1.816628199996301023e-03 1.295138115467016305e-04 4.115778831866424517e-05 -1.114934906282791585e-03
2.164364026018611042e+01 1.488987047157870960e-02 5.916368862499124179e-04 -1.798862280273989160e-03 1.292255350388254564e-04 4.164209958102295785e-05 -1.108130387682080805e-03
2.166908475130039946e+01 1.485043500073335992e-02 5.944744721390863998e-04 -1.791268193792410011e-03 1.291025408883517654e-04 4.185068762737712439e-05 -1.105215908340168160e-03
2.166908475130039946e+01 1.485043500073335992e-02 5.944744721390863998e-04 -1.791268193792410011e-03 1.291025408883517654e-04 4.185068762737712439e-05 -1.105215908340168160e-03
2.169452924241468139e+01 1.481117980567939196e-02 5.973083600119000192e-04 -1.783718055661680018e-03 1.289803954109586975e-04 4.205901321147782204e-05 -1.102314775318100157e-03
2.175348359228290107e+01 1.472091313392296513e-02 6.038603210175496824e-04 -1.766391745506629921e-03 1.287006081753985353e-04 4.254069911227915848e-05 -1.095643756518147700e-03
2.184362494511454145e+01 1.458472502401621067e-02 6.138406838617702088e-04 -1.740344303013624614e-03 1.282813450368656429e-04 4.327453252583945091e-05 -1.085579224588614127e-03
2.196168792384404966e+01 1.440962982179387793e-02 6.268450266204675554e-04 -1.707022215040753963e-03 1.277473579939630822e-04 4.423089590906124788e-05 -1.072639833037952869e-03
2.210340408456170991e+01 1.420423251242506832e-02 6.423561131779155671e-04 -1.668176045932064089e-03 1.271281961347993535e-04 4.537189019527947278e-05 -1.057461804352701840e-03
2.226365104077297019e+01 1.397805564239427978e-02 6.597695540631827492e-04 -1.625708401270564750e-03 1.264554080198664911e-04 4.665319832938143689e-05 -1.040749129349429489e-03
2.243663689369537906e+01 1.374087993166222231e-02 6.784220896340842572e-04 -1.581529906426596029e-03 1.257599959134344571e-04 4.802614089547241718e-05 -1.023224783291802609e-03
2.261610940473903852e+01 1.350217727063696312e-02 6.976200592327425499e-04 -1.537441189483678382e-03 1.250704534213235386e-04 4.943974821895105590e-05 -1.005588783301554446e-03
2.279558191578270154e+01 1.327068038072691525e-02 7.166664930842516238e-04 -1.495050023169274163e-03 1.244115260789121753e-04 5.084273752760008020e-05 -9.884863655332050587e-04
2.296856776870511041e+01 1.305410265975116141e-02 7.348858332219235408e-04 -1.455725011001374452e-03 1.238036704754751007e-04 5.218532503045846959e-05 -9.724872840428686136e-04
2.312881472491637069e+01 1.285899689983839578e-02 7.516457507895444711e-04 -1.420581322961846690e-03 1.232630744561752768e-04 5.342083546443588749e-05 -9.580753943901228458e-04
2.327053088563403094e+01 1.269072557550987752e-02 7.663758536658127557e-04 -1.390490600210832943e-03 1.228020496365981435e-04 5.450709400983202866e-05 -9.456465002062379400e-04
2.338859386436353915e+01 1.255350841454353807e-02 7.785832723514287453e-04 -1.366106089229341108e-03 1.224296095338854855e-04 5.540759791210176044e-05 -9.355119225893449627e-04
2.347873521719517953e+01 1.245051339600096625e-02 7.878651792550971002e-04 -1.347894736202146860e-03 1.221520835069784508e-04 5.609246843792321438e-05 -9.279052830545946561e-04
2.353768956706340987e+01 1.238396569147658631e-02 7.939179839801481162e-04 -1.336170164952205780e-03 1.219736758573477544e-04 5.653915958787568543e-05 -9.229906092918065130e-04
2.356313405817768825e+01 1.235544010359097139e-02 7.965260559752537122e-04 -1.331154670741493788e-03 1.218974175789545709e-04 5.673165287220830431e-05 -9.208839823386490630e-04
2.356313405817768825e+01 1.235544010359096966e-02 7.965260559752557722e-04 -1.331154670741492704e-03 1.218974175789545574e-04 5.673165287220846694e-05 -9.208839823386488462e-04
2.358857854929197018e+01 1.232164511882557524e-02 7.996265252215931096e-04 -1.325220668502535446e-03 1.218072388025319425e-04 5.696050423826595213e-05 -9.183882409086516598e-04
2.364753289916018986e+01 1.224391983419008921e-02 8.068014830319940713e-04 -1.311606035620013549e-03 1.216005143382619237e-04 5.749016764053951857e-05 -9.126484072097668359e-04
2.373767425199183023e+01 1.212661523442547067e-02 8.177486831661075380e-04 -1.291146428884042824e-03 1.212902829281306300e-04 5.829848332240651436e-05 -9.039861013839108842e-04
2.385573723072133845e+01 1.197572987600924004e-02 8.320450855073208488e-04 -1.264987320516599992e-03 1.208942744818443290e-04 5.935443184647112749e-05 -8.928447161885258616e-04
2.399745339143899869e+01 1.179863177479847230e-02 8.491449344357768301e-04 -1.234513585699372699e-03 1.204336532943384977e-04 6.061795711035031096e-05 -8.797687969697500247e-04
2.415770034765025898e+01 1.160348797850425245e-02 8.684035381693172833e-04 -1.201228099243613259e-03 1.199310491342207272e-04 6.204167979060690066e-05 -8.653618276116481966e-04
2.433068620057267140e+01 1.139870362078232967e-02 8.891041707892224357e-04 -1.166636733560646880e-03 1.194088328047466927e-04 6.357283978146685316e-05 -8.502447253471438933e-04
2.451015871161633086e+01 1.119242822334803704e-02 9.104800542480886300e-04 -1.132152562203567756e-03 1.188885400494920551e-04 6.515487077744946151e-05 -8.350193203390168101e-04
2.468963122265999033e+01 1.099212655450683244e-02 9.317019843093970674e-04 -1.099019302849965933e-03 1.183946134881690300e-04 6.672639613253431121e-05 -8.202366144636114064e-04
2.486261707558240985e+01 1.080422895133758415e-02 9.518297444251473498e-04 -1.068256032768295088e-03 1.179622772790707230e-04 6.821751217908848927e-05 -8.063709225147822762e-04
2.502286403179367014e+01 1.063403096852943291e-02 9.698493957314499462e-04 -1.040652281798219508e-03 1.176357914878776604e-04 6.955256713433295940e-05 -7.938125060577577328e-04
2.516458019251133038e+01 1.048592891671895448e-02 9.848820568789154982e-04 -1.016825897864172398e-03 1.174482618128745666e-04 7.066589350319438083e-05 -7.828851358168356254e-04
2.528264317124083860e+01 1.036375771987256729e-02 9.964294344756538697e-04 -9.972983593224374506e-04 1.173982958688203458e-04 7.152033593089804125e-05 -7.738712511980103950e-04
2.537278452407247897e+01 1.027093481342849189e-02 1.004458432337455506e-03 -9.825332654702430713e-04 1.174442746725575757e-04 7.211366428253314733e-05 -7.670227148468789728e-04
2.543173887394069865e+01 1.021033541943152170e-02 1.009269381645341987e-03 -9.729251094036026320e-04 1.175207744036264429e-04 7.246867911441052450e-05 -7.625516030785649355e-04
2.545718336505498058e+01 1.018419098841477459e-02 1.011226708479985885e-03 -9.687871372667210268e-04 1.175662483273254511e-04 7.261296281554421308e-05 -7.606226086401693745e-04
2.545718336505498058e+01 1.018419098841477459e-02 1.011226708479985885e-03 -9.687871372667210268e-04 1.175662483273254511e-04 7.261296281554421308e-05 -7.606226086401693745e-04
2.548262785616925896e+01 1.015804645756448153e-02 1.013107891409730822e-03 -9.646534104610628114e-04 1.176196483095882646e-04 7.275152798923557960e-05 -7.586935914692440877e-04
2.554158220603748930e+01 1.009744655505666333e-02 1.017157395783880799e-03 -9.550878290377537829e-04 1.177753893857287149e-04 7.304935710123768413e-05 -7.542222885001414502e-04
2.563172355886912968e+01 1.000462911849368114e-02 1.022444408179552832e-03 -9.404778534387079432e-04 1.181064200112700777e-04 7.343675794085393878e-05 -7.473736020540077372e-04
2.574978653759863079e+01 9.882514740510422308e-03 1.027527889039185453e-03 -9.213268894621292563e-04 1.187265878922960573e-04 7.380575077641563485e-05 -7.383626023738721397e-04
2.589150269831629103e+01 9.734672354482337350e-03 1.030537457926001578e-03 -8.982394688576518169e-04 1.197787298326335548e-04 7.401611912927850826e-05 -7.274519482453827663e-04
2.605174965452755131e+01 9.565255477579467230e-03 1.029424822983996193e-03 -8.719050449651888747e-04 1.214070924510003582e-04 7.391428697518718203e-05 -7.149472329331470113e-04
2.622473550744997084e+01 9.379115715036199022e-03 1.022376376851957596e-03 -8.431135963207494425e-04 1.237153556849072446e-04 7.336435174601622260e-05 -7.012055253125331570e-04
2.640420801849363031e+01 9.181996007338117521e-03 1.008288856921948961e-03 -8.127848633835805473e-04 1.267227394369404810e-04 7.228389068467174091e-05 -6.866498781013674483e-04
2.658368052953728977e+01 8.980624757747244710e-03 9.871419860309352604e-04 -7.819794519524141075e-04 1.303365063529362178e-04 7.067202530867624675e-05 -6.717765271023336910e-04
2.675666638245969864e+01 8.782571606183347743e-03 9.601241236055305670e-04 -7.518689555373225981e-04 1.343540326817805621e-04 6.861888670438587312e-05 -6.571444238186075100e-04
2.691691333867095892e+01 8.595848840759800005e-03 9.294686285254630384e-04 -7.236656223990424247e-04 1.384941871433464119e-04 6.629328378565325821e-05 -6.433458666511163507e-04
2.705862949938861917e+01 8.428358404969846229e-03 8.980721779059206572e-04 -6.985324079723654982e-04 1.424451116958556311e-04 6.391393729435344200e-05 -6.309655953162285379e-04
2.717669247811813094e+01 8.287327986675693120e-03 8.690271942183926427e-04 -6.774998084110181668e-04 1.459111428163696578e-04 6.171423881851597379e-05 -6.205389602481658270e-04
2.726683383094977131e+01 8.178849176345707322e-03 8.451915823211048756e-04 -6.614075374642160686e-04 1.486462248776827995e-04 5.990982346420572379e-05 -6.125175499945133967e-04
2.732578818081799099e+01 8.107569419075024916e-03 8.288673136144717986e-04 -6.508759176219930170e-04 1.504699032231365818e-04 5.867435097361850272e-05 -6.072461487780560436e-04
2.735123267193226937e+01 8.076731263958957310e-03 8.216492127414343118e-04 -6.463302646630177117e-04 1.512644306886866397e-04 5.812813366752454152e-05 -6.049653912064207250e-04
2.735123267193226937e+01 8.076731263958957310e-03 8.216492127414343118e-04 -6.463302646630177117e-04 1.512644306886866397e-04 5.812813366752454152e-05 -6.049653912064207250e-04
2.737667716304655130e+01 8.045851206616763326e-03 8.143297804465392383e-04 -6.417850211081811435e-04 1.520630252956268102e-04 5.757428957893217798e-05 -6.026814360755712542e-04
2.743563151291478164e+01 7.974152451341554385e-03 7.969921620542182996e-04 -6.312575058487133713e-04 1.539273788426126271e-04 5.626254667246707804e-05 -5.973780609335578671e-04
2.752577286574641846e+01 7.864165269453674001e-03 7.695071030690875565e-04 -6.151801761287316100e-04 1.568089821961898389e-04 5.418345452152612202e-05 -5.892415433560415890e-04
2.764383584447591957e+01 7.719582507007495022e-03 7.318580564048703021e-04 -5.941838319231951271e-04 1.606206596904549222e-04 5.133617588771933782e-05 -5.785438027408190687e-04
2.778555200519357982e+01 7.545502528512044831e-03 6.844633801825503270e-04 -5.691222233941310238e-04 1.652149238533566706e-04 4.775275940635005916e-05 -5.656605637509793316e-04
2.794579896140485076e+01 7.348364229470279174e-03 6.284047067598416735e-04 -5.410454870220646932e-04 1.703778616692550843e-04 4.351531987825788705e-05 -5.510667979890898583e-04
2.811878481432725962e+01 7.135728140246109900e-03 5.655258745769841744e-04 -5.111462801810117210e-04 1.758401818623726517e-04 3.876345679473419431e-05 -5.353208049105453786e-04
2.829825732537091909e+01 6.915901299320511425e-03 4.983602664552882729e-04 -4.806819977733188835e-04 1.813056650527826333e-04 3.368873333924353106e-05 -5.190367151042817343e-04
2.847772983641457145e+01 6.697453255032873205e-03 4.299031981038168053e-04 -4.508855638404986950e-04 1.864898933134879295e-04 2.851747166720459314e-05 -5.028488674565501342e-04
2.865071568933698032e+01 6.488707720541449231e-03 3.632975303291483818e-04 -4.228825445677365205e-04 1.911576329343837909e-04 2.348700843724317700e-05 -4.873742686836035772e-04
2.881096264554824060e+01 6.297298274794940059e-03 3.015210256044378021e-04 -3.976305246689951526e-04 1.951479324280246369e-04 1.882209232967023280e-05 -4.731796518895448446e-04
2.895267880626591150e+01 6.129848916553899858e-03 2.471485205937554272e-04 -3.758891968903932770e-04 1.983810359991032991e-04 1.471694190745913945e-05 -4.607576396991715163e-04
2.907074178499540906e+01 5.991798219823059497e-03 2.022243752185125449e-04 -3.582204572977506878e-04 2.008476167707669833e-04 1.132564381332272807e-05 -4.505134330101589666e-04
2.916088313782704944e+01 5.887348523936080866e-03 1.682409421523779259e-04 -3.450107889798611853e-04 2.025856908332099727e-04 8.760570445832242768e-06 -4.427607023438017656e-04
2.921983748769527978e+01 5.819503255720688724e-03 1.461924610909611335e-04 -3.365054555346318980e-04 2.036525349164714632e-04 7.096502609762750826e-06 -4.377240068650286317e-04
2.924528197880956171e+01 5.790338698247487516e-03 1.367241902479866497e-04 -3.328677230874182123e-04 2.040956402335416685e-04 6.381941289881436039e-06 -4.355586645979073125e-04
2.924528197880956171e+01 5.790338698247487516e-03 1.367241902479866497e-04 -3.328677230874182123e-04 2.040956402335416685e-04 6.381941289881436039e-06 -4.355586645979073125e-04
2.927072646992384009e+01 5.761245944214143412e-03 1.272863476115228731e-04 -3.292501061140900697e-04 2.045281990525512066e-04 5.669700118598913185e-06 -4.333985174463497519e-04
2.932968081979205976e+01 5.694118687223202573e-03 1.055420219238256566e-04 -3.209459355620003724e-04 2.054895845445104763e-04 4.028824296471927278e-06 -4.284137712171210820e-04
2.941982217262370014e+01 5.592254091585022180e-03 7.265189589790595724e-05 -3.084607473412231244e-04 2.068480145240242179e-04 1.547119030202222738e-06 -4.208480731854935064e-04
2.953788515135320836e+01 5.460293703359399113e-03 3.029254958167327879e-05 -2.925002031455174517e-04 2.084204617350620369e-04 -1.648587373878284460e-06 -4.110444802626668243e-04
2.967960131207086860e+01 5.304152632973825610e-03 -1.935888954348077604e-05 -2.739357587477795025e-04 2.099944256037798349e-04 -5.393642206626173676e-06 -3.994405043526134220e-04
2.983984826828212888e+01 5.130659490391344807e-03 -7.376697342361779211e-05 -2.537310105202447100e-04 2.113589525251612631e-04 -9.496354696193867444e-06 -3.865417244566150433e-04
3.001283412120454130e+01 4.947131381737432908e-03 -1.302390362102834808e-04 -2.328618959697661853e-04 2.123371199057490905e-04 -1.375323531688166948e-05 -3.728905612059176910e-04
3.019230663224820077e+01 4.760936858262633173e-03 -1.861549718633364236e-04 -2.122425729090289656e-04 2.128135445450359724e-04 -1.796640335469203750e-05 -3.590340803216469489e-04
3.037177914329186024e+01 4.579101101178308271e-03 -2.391824346803098956e-04 -1.926675662676066616e-04 2.127510944419242346e-04 -2.195988926847256735e-05 -3.454948074708161319e-04
3.054476499621427976e+01 4.407997149147245206e-03 -2.874358638567760986e-04 -1.747770264642297712e-04 2.121936038621870669e-04 -2.559167967288450491e-05 -3.327477836242664325e-04
3.070501195242554004e+01 4.253145714003052705e-03 -3.295533205152646186e-04 -1.590466831181703287e-04 2.112549494370617330e-04 -2.875952817524709976e-05 -3.212055404313749157e-04
3.084672811314320029e+01 4.119122356429369761e-03 -3.646868968407166790e-04 -1.457991744853823375e-04 2.100978776957852367e-04 -3.140020152623730507e-05 -3.112109347776703325e-04
3.096479109187270140e+01 4.009552232911885519e-03 -3.924218593168471198e-04 -1.352302660918631072e-04 2.089075137159716823e-04 -3.348330237298733698e-05 -3.030364185909744539e-04
3.105493244470434888e+01 3.927163185118316517e-03 -4.126514868824717754e-04 -1.274424372247475812e-04 2.078644135103844496e-04 -3.500171073568382018e-05 -2.968876231158150414e-04
3.111388679457256856e+01 3.873869668674854473e-03 -4.254373147862368170e-04 -1.224791980475732048e-04 2.071209218103744337e-04 -3.596090452111050612e-05 -2.929092616709227741e-04
3.113933128568685049e+01 3.851012108416414313e-03 -4.308467868353104227e-04 -1.203686032054793778e-04 2.067853218985642204e-04 -3.636659735954948417e-05 -2.912026994679806145e-04
3.113933128568685049e+01 3.851012108416414313e-03 -4.308467868353104227e-04 -1.203686032054793778e-04 2.067853218985642204e-04 -3.636659735954948417e-05 -2.912026994679806145e-04
3.116477577680112887e+01 3.828240982180675447e-03 -4.361905816611135172e-04 -1.182769067707087216e-04 2.064409518302170565e-04 -3.676728644768888086e-05 -2.895024425839802821e-04
3.122373012666935921e+01 3.775811963339514941e-03 -4.483195497386738824e-04 -1.135026905147330784e-04 2.056097419692049237e-04 -3.767643599821771642e-05 -2.855871457659295612e-04
3.131387147950099958e+01 3.696538214315119551e-03 -4.661826036414408046e-04 -1.063960905430462076e-04 2.042505316795290753e-04 -3.901454113191597209e-05 -2.796656089816520118e-04
3.143193445823050070e+01 3.594324881110868598e-03 -4.883318989334566951e-04 -9.743632294051912765e-05 2.023136150767044388e-04 -4.067207870536758088e-05 -2.720277610508090591e-04
3.157365061894816094e+01 3.474026711954973558e-03 -5.130559186152564531e-04 -8.719246964114695029e-05 1.997635307950032925e-04 -4.251964340974056313e-05 -2.630343747770319887e-04
3.173389757515942122e+01 3.341097781716087598e-03 -5.385776045726405840e-04 -7.626392949909695186e-05 1.965993720578157282e-04 -4.442299628990171583e-05 -2.530912841304879565e-04
3.190688342808184075e+01 3.201227936976518574e-03 -5.632525257448627726e-04 -6.522375388632036344e-05 1.928701194078656091e-04 -4.625812717306047682e-05 -2.426225657638017292e-04
3.208635593912549666e+01 3.060010386634962488e-03 -5.857360129120361362e-04 -5.457309869818300263e-05 1.886815909304123554e-04 -4.792397177024898156e-05 -2.320459442315514324e-04
3.226582845016915257e+01 2.922671867064217249e-03 -6.050947665942452538e-04 -4.471186423571321233e-05 1.841937075201036784e-04 -4.935091544177559335e-05 -2.217527320374643380e-04
3.243881430309156855e+01 2.793881894166902642e-03 -6.208497813149940715e-04 -3.592704604354400810e-05 1.796090645035834177e-04 -5.050406928278168350e-05 -2.120935291213526120e-04
3.259906125930282883e+01 2.677642545527448778e-03 -6.329506923130159054e-04 -2.839712298217911710e-05 1.751555329792744834e-04 -5.138130806489315654e-05 -2.033698067351012045e-04
3.274077742002049263e+01 2.577248427002874331e-03 -6.416932147612899526e-04 -2.220862303204354339e-05 1.710663607452751419e-04 -5.200694093449733339e-05 -1.958306388971139522e-04
3.285884039874999729e+01 2.495299623823667070e-03 -6.475988298758504277e-04 -1.738003940339054014e-05 1.675609925844871522e-04 -5.242246398887711212e-05 -1.896733419076715118e-04
3.294898175158164122e+01 2.433748316794540588e-03 -6.512786501396276070e-04 -1.388834199317674173e-05 1.648288960595293933e-04 -5.267606880330426267e-05 -1.850466242851717786e-04
3.300793610144985735e+01 2.393962811363176211e-03 -6.533021243923331587e-04 -1.169417028135267473e-05 1.630175870295984893e-04 -5.281249895871966657e-05 -1.820550729584673969e-04
3.303338059256414283e+01 2.376905521068377585e-03 -6.540826563849227093e-04 -1.076874421925374261e-05 1.622301167682498242e-04 -5.286425206710429134e-05 -1.807722730563173267e-04
3.303338059256414283e+01 2.376905521068377585e-03 -6.540826563849227093e-04 -1.076874421925374261e-05 1.622301167682498242e-04 -5.286425206710429134e-05 -1.807722730563173267e-04
3.305882508367842121e+01 2.359916620807852271e-03 -6.548075570105169009e-04 -9.856215674969020588e-06 1.614392984217254655e-04 -5.291172976596432133e-05 -1.794944790242209375e-04
3.311777943354663734e+01 2.320815192368707713e-03 -6.562745979288317575e-04 -7.791051872640991066e-06 1.595944987419016363e-04 -5.300539663076475616e-05 -1.765529993595796950e-04
3.320792078637828837e+01 2.261729808166736307e-03 -6.579489809286454905e-04 -4.764386213776254380e-06 1.567416596502880155e-04 -5.310487860349236752e-05 -1.721067777651387465e-04
3.332598376510779303e+01 2.185609190214450777e-03 -6.591170238955971691e-04 -1.034845631620449158e-06 1.529508101213875124e-04 -5.315630756621100199e-05 -1.663760843885987912e-04
3.346769992582545683e+01 2.096106898305508896e-03 -6.590144097697423105e-04 3.099950794650679682e-06 1.483277229544673872e-04 -5.310217032912102728e-05 -1.596341728913767760e-04
3.362794688203671711e+01 1.997314771514889769e-03 -6.569698638034719793e-04 7.340699933635811249e-06 1.430178564254014383e-04 -5.289229781121901889e-05 -1.521875768219484398e-04
3.380093273495913309e+01 1.893490885625567950e-03 -6.525335163707548115e-04 1.142015162403216799e-05 1.372055862481915377e-04 -5.249370129310779398e-05 -1.443559416671836378e-04
3.398040524600278900e+01 1.788812710458669844e-03 -6.455678630091319248e-04 1.512822866210581247e-05 1.311078490980775648e-04 -5.189756222382403683e-05 -1.364536479263124319e-04
3.415987775704643781e+01 1.687175395298358676e-03 -6.362871370665199467e-04 1.832576107775344692e-05 1.249627157066169377e-04 -5.112227365845735464e-05 -1.287746950756752772e-04
3.433286360996886089e+01 1.592045462364243295e-03 -6.252409031078977070e-04 2.094640620883727721e-05 1.190146994872376998e-04 -5.021218784719993936e-05 -1.215816176228928520e-04
3.449311056618012117e+01 1.506371988322482503e-03 -6.132476961867244043e-04 2.298832171007534185e-05 1.134993337968134375e-04 -4.923249147564050482e-05 -1.150986121927622920e-04
3.463482672689777786e+01 1.432551320988062309e-03 -6.012926214081890271e-04 2.449851079707347358e-05 1.086295504189381495e-04 -4.826125966491452040e-05 -1.095086180160401406e-04
3.475288970562728963e+01 1.372437103896016579e-03 -5.904074720339185043e-04 2.555335529244552326e-05 1.045857213979975068e-04 -4.738011291983659128e-05 -1.049537786826827153e-04
3.484303105845892645e+01 1.327384106186046313e-03 -5.815523045689505090e-04 2.623872514618126969e-05 1.015101295929312302e-04 -4.666494847795216308e-05 -1.015384630761507920e-04
3.490198540832714968e+01 1.298313075375697378e-03 -5.755140568256420170e-04 2.663234513866107110e-05 9.950555045127020752e-05 -4.617797352387863284e-05 -9.933391613605226653e-05
3.492742989944144227e+01 1.285862425414535442e-03 -5.728490164331923214e-04 2.678913738395026557e-05 9.864228821309594883e-05 -4.596319741249925070e-05 -9.838955735895266088e-05
3.492742989944144227e+01 1.285862425414535442e-03 -5.728490164331923214e-04 2.678913738395026557e-05 9.864228821309594883e-05 -4.596319741249925070e-05 -9.838955735895266088e-05
3.495287439055571355e+01 1.273469817432178533e-03 -5.701489472813116906e-04 2.693813175339202881e-05 9.778025746024792048e-05 -4.574568746000837676e-05 -9.744948860627484664e-05
3.501182874042393678e+01 1.244979377697035547e-03 -5.637603636051478993e-04 2.725375620103527352e-05 9.578799514567956153e-05 -4.523137041539227561e-05 -9.528785466169956381e-05
3.510197009325558071e+01 1.202019584835034918e-03 -5.536429604072177525e-04 2.765802264969378482e-05 9.275678412113368262e-05 -4.441769575084078862e-05 -9.202725463960347550e-05
3.522003307198509248e+01 1.146854642347369408e-03 -5.397784840641386885e-04 2.804879646780900272e-05 8.881773486968920299e-05 -4.330403848225497764e-05 -8.783824084186945961e-05
3.536174923270274917e+01 1.082290820397130730e-03 -5.222704721704918588e-04 2.831913897125324810e-05 8.414333487254482499e-05 -4.189948146705846886e-05 -8.293249831322622491e-05
3.552199618891400945e+01 1.011465992232062593e-03 -5.014225703232279459e-04 2.837818116627538662e-05 7.893976454932521427e-05 -4.022889691381769983e-05 -7.754716859508802604e-05
3.569498204183641832e+01 9.376273548207294519e-04 -4.777919060625750993e-04 2.816821546256876178e-05 7.343534104779077482e-05 -3.833710663201243319e-05 -7.192822014009839053e-05
3.587445455288008134e+01 8.639202812616985109e-04 -4.522009348123573382e-04 2.767468244891840414e-05 6.786584555576130151e-05 -3.628981986882700135e-05 -6.631455942499388018e-05
3.605392706392373725e+01 7.932066720509301731e-04 -4.256997188837791427e-04 2.692744585839233212e-05 6.245843679856998769e-05 -3.417069807984779949e-05 -6.092425393430361938e-05
3.622691291684615322e+01 7.279277355081042490e-04 -3.994827411465829022e-04 2.599377701652930126e-05 5.741660275918246495e-05 -3.207483820124263166e-05 -5.594400620082388997e-05
3.638715987305741351e+01 6.700223739190760844e-04 -3.747769931155629894e-04 2.496536160051904095e-05 5.290873634006126056e-05 -3.009996265360435013e-05 -5.152275942737474454e-05
3.652887603377507020e+01 6.209071269664860138e-04 -3.527269623884349324e-04 2.394287717407154667e-05 4.906229066189649399e-05 -2.833732054479693658e-05 -4.776993573551830915e-05
3.664693901250456776e+01 5.815159696235799999e-04 -3.343030110998744249e-04 2.302184224597134625e-05 4.596420601463068411e-05 -2.686439571054200678e-05 -4.475823022911948139e-05
3.673708036533621879e+01 5.523886510408455939e-04 -3.202508509458816348e-04 2.228241841341023000e-05 4.366679336809891710e-05 -2.574084156436225195e-05 -4.253014259050223224e-05
3.679603471520444202e+01 5.337878288414550816e-04 -3.110847957506524832e-04 2.178408831505187273e-05 4.219706808988889349e-05 -2.500788069212341158e-05 -4.110676539728381085e-05
3.682147920631872040e+01 5.258703193998289643e-04 -3.071375533253470997e-04 2.156577054766110947e-05 4.157091398437932027e-05 -2.469221875627979399e-05 -4.050077631988513460e-05
3.682147920631872040e+01 5.258703193998289643e-04 -3.071375533253470997e-04 2.156577054766110947e-05 4.157091398437932027e-05 -2.469221875627979399e-05 -4.050077631988513460e-05
3.684692369743299878e+01 5.180197780711690058e-04 -3.031967038752834596e-04 2.134563588491897269e-05 4.094974518611374688e-05 -2.437705404749734365e-05 -3.989983929208189728e-05
3.690587804730122201e+01 5.000887994290558174e-04 -2.940946230081221491e-04 2.082913431757255028e-05 3.952987969343054077e-05 -2.364906919475556708e-05 -3.852699493076842469e-05
3.699601940013287305e+01 4.733759350969793953e-04 -2.802734944132865072e-04 2.002423956252680516e-05 3.741210577483668437e-05 -2.254348927447411661e-05 -3.648105436290818263e-05
3.711408237886237060e+01 4.396902919527979968e-04 -2.623981480679698900e-04 1.894866266652671922e-05 3.473801556210044162e-05 -2.111327203999696354e-05 -3.389978201840947609e-05
3.725579853958002730e+01 4.012335504392675967e-04 -2.413825997697418744e-04 1.763807419431027488e-05 3.168174699070655151e-05 -1.943125897411744391e-05 -3.095108139502003949e-05
3.741604549579128758e+01 3.603895918238957932e-04 -2.183570154789352959e-04 1.614988935345822193e-05 2.843365036790367005e-05 -1.758759309386592623e-05 -2.781709366776085246e-05
3.758903134871371066e+01 3.194953406444722005e-04 -1.945869973051440232e-04 1.456141571849985329e-05 2.518153893943400625e-05 -1.568334546316906662e-05 -2.467678584606418170e-05
3.776850385975736657e+01 2.806204859709782824e-04 -1.713464627650981419e-04 1.296158477104042173e-05 2.209208356598913817e-05 -1.382042258943628502e-05 -2.168910648458939413e-05
3.794797637080102248e+01 2.453872510683954714e-04 -1.497663211719835283e-04 1.143804939856487891e-05 1.929547859992559455e-05 -1.208949324581024291e-05 -1.897908751563438684e-05
3.812096222372343846e+01 2.148622687719018874e-04 -1.306999173938290515e-04 1.006371612417938584e-05 1.687643933108927172e-05 -1.055918950092214961e-05 -1.662937870462631587e-05
3.828120917993469874e+01 1.895448470559406480e-04 -1.146495882455800876e-04 8.887454260351110958e-06 1.487353498949401138e-05 -9.270140875523322918e-06 -1.467914011574451541e-05
3.842292534065236254e+01 1.694552836814345134e-04 -1.017790272877760587e-04 7.932055047756844191e-06 1.328682406058328131e-05 -8.235860187420965099e-06 -1.313064778789689262e-05
3.854098831938186720e+01 1.542968424053771999e-04 -9.200082753783194768e-05 7.199215844631358790e-06 1.209128158960289580e-05 -7.449677632913721732e-06 -1.196163942467487163e-05
3.863112967221349692e+01 1.436403013858064215e-04 -8.509886816431050567e-05 6.678392753980118502e-06 1.125173980185099966e-05 -6.894515836076515101e-06 -1.113948276580250430e-05
3.869008402208172726e+01 1.370787476851846034e-04 -8.084036751735791464e-05 6.355603068480594940e-06 1.073520951203613774e-05 -6.551876074328936915e-06 -1.063311193274628809e-05
3.871552851319601274e+01 1.343426029366134465e-04 -7.906309423905602389e-05 6.220564786967166943e-06 1.051991044536011473e-05 -6.408850843644101051e-06 -1.042192320570527045e-05
3.871552851319601274e+01 1.343426029366134465e-04 -7.906309423905602389e-05 6.220564786967166943e-06 1.051991044536011473e-05 -6.408850843644101051e-06 -1.042192320570527045e-05
3.874097300431029112e+01 1.316626182229590190e-04 -7.732164593531993494e-05 6.088064857398586698e-06 1.030908366312136186e-05 -6.268693366468136138e-06 -1.021504927058874616e-05
3.879992735417850724e+01 1.256623923988092371e-04 -7.342116734754577424e-05 5.790635685770510132e-06 9.837255609574275676e-06 -5.954712527556846392e-06 -9.751804826274886644e-06
3.889006870701015828e+01 1.170230324551763850e-04 -6.780498070178821396e-05 5.360786893954134527e-06 9.158371535743661080e-06 -5.502468364108352725e-06 -9.084617663167719758e-06
3.900813168573966294e+01 1.065938711198343895e-04 -6.103625312201013090e-05 4.840240736650071753e-06 8.339589870761061273e-06 -4.957138451715128930e-06 -8.278879744843169471e-06
3.914984784645732674e+01 9.520353427101213236e-05 -5.368265224486933296e-05 4.271624089856073681e-06 7.446260627586852986e-06 -4.364256495834434314e-06 -7.398395744162367734e-06
3.931009480266858702e+01 8.346991408961680766e-05 -4.619623398318973293e-05 3.689360162114371367e-06 6.526933593802355689e-06 -3.760041508767987207e-06 -6.490705627633452468e-06
3.948308065559100299e+01 7.171651537531450310e-05 -3.885461462581393241e-05 3.114881831975686533e-06 5.606853178003660701e-06 -3.166652881011133578e-06 -5.580601133832078756e-06
3.966255316663465891e+01 6.005938784905788530e-05 -3.179917133416260827e-05 2.559278849491797108e-06 4.694898740348496269e-06 -2.595301333584619623e-06 -4.676859233048301937e-06
3.984202567767830772e+01 4.861274084886988968e-05 -2.513739282988088823e-05 2.031173676191246847e-06 3.799798054727743133e-06 -2.054592724440092973e-06 -3.788224594520040601e-06
4.001501153060073079e+01 3.763031142901482329e-05 -1.901086206223393037e-05 1.542162379806998399e-06 2.941233031320156395e-06 -1.556094379538554410e-06 -2.934438458908064823e-06
4.017525848681199108e+01 2.746960186001280369e-05 -1.357604707861241330e-05 1.105395912110940808e-06 2.147032614628657142e-06 -1.112771924863510460e-06 -2.143480393397046929e-06
4.031697464752964777e+01 1.849358682177374406e-05 -8.960905217679047483e-06 7.320830137210708356e-07 1.445480338834011727e-06 -7.354075281588270139e-07 -1.443897453260673997e-06
4.043503762625915954e+01 1.102421948299365392e-05 -5.253024999108501624e-06 4.303916172796138019e-07 8.616871072872721468e-07 -4.315676025204539176e-07 -8.611326017247005258e-07
4.052517897909080347e+01 5.327610031327694282e-06 -2.505950880045799845e-06 2.057761374248993308e-07 4.164342535698167452e-07 -2.060498452723550424e-07 -4.163061631986001670e-07
4.058413332895902670e+01 1.605429686268057998e-06 -7.487215044050110271e-07 6.157212162172602726e-08 1.254917713214407311e-07 -6.159692138462257050e-08 -1.254802232729508327e-07
