-2.000000000000000000e+01 nan nan nan nan nan nan
-1.997455550888572162e+01 3.701808614843010159e-01 0.000000000000000000e+00 -2.587284974097450187e-04 0.000000000000000000e+00 -2.587284974097450729e-04 0.000000000000000000e+00
-1.991560115901749128e+01 3.701656308484652103e-01 0.000000000000000000e+00 -2.579639892902879780e-04 0.000000000000000000e+00 -2.579639892902879238e-04 0.000000000000000000e+00
-1.982545980618585091e+01 3.701424303245474112e-01 0.000000000000000000e+00 -2.567946552239060241e-04 0.000000000000000000e+00 -2.567946552239060783e-04 0.000000000000000000e+00
-1.970739682745634980e+01 3.701122028265008690e-01 0.000000000000000000e+00 -2.552623890580338058e-04 0.000000000000000000e+00 -2.552623890580337515e-04 0.000000000000000000e+00
-1.956568066673868955e+01 3.700761584089059530e-01 0.000000000000000000e+00 -2.534220621204626373e-04 0.000000000000000000e+00 -2.534220621204627999e-04 0.000000000000000000e+00
-1.940543371052742927e+01 3.700357151222314900e-01 0.000000000000000000e+00 -2.513396848827901837e-04 0.000000000000000000e+00 -2.513396848827902379e-04 0.000000000000000000e+00
-1.923244785760500974e+01 3.699924314604734477e-01 0.000000000000000000e+00 -2.490901045487192256e-04 0.000000000000000000e+00 -2.490901045487192256e-04 0.000000000000000000e+00
-1.905297534656135028e+01 3.699479362073951338e-01 0.000000000000000000e+00 -2.467543612692165984e-04 0.000000000000000000e+00 -2.467543612692166526e-04 0.000000000000000000e+00
-1.887350283551769081e+01 3.699038603198256947e-01 0.000000000000000000e+00 -2.444167958447803347e-04 0.000000000000000000e+00 -2.444167958447802805e-04 0.000000000000000000e+00
-1.870051698259527839e+01 3.698617746709233489e-01 0.000000000000000000e+00 -2.421620100617563089e-04 0.000000000000000000e+00 -2.421620100617563089e-04 0.000000000000000000e+00
-1.854027002638402166e+01 3.698231364027162460e-01 0.000000000000000000e+00 -2.400717896755688444e-04 0.000000000000000000e+00 -2.400717896755687902e-04 0.000000000000000000e+00
-1.839855386566636142e+01 3.697892454025010212e-01 0.000000000000000000e+00 -2.382221053870080230e-04 0.000000000000000000e+00 -2.382221053870079688e-04 0.000000000000000000e+00
-1.828049088693684965e+01 3.697612111982857552e-01 0.000000000000000000e+00 -2.366803082094866230e-04 0.000000000000000000e+00 -2.366803082094866230e-04 0.000000000000000000e+00
-1.819034953410520927e+01 3.697399295903476268e-01 0.000000000000000000e+00 -2.355026351295999099e-04 0.000000000000000000e+00 -2.355026351295998828e-04 0.000000000000000000e+00
-1.813139518423698959e+01 3.697260683956536953e-01 0.000000000000000000e+00 -2.347321756627289663e-04 0.000000000000000000e+00 -2.347321756627288307e-04 0.000000000000000000e+00
-1.810595069312271121e+01 3.697200999860523751e-01 0.000000000000000000e+00 -2.343995905032869641e-04 0.000000000000000000e+00 -2.343995905032870183e-04 0.000000000000000000e+00
-1.810595069312271121e+01 3.697200999860523751e-01 0.000000000000000000e+00 -2.343995905032869641e-04 0.000000000000000000e+00 -2.343995905032870183e-04 0.000000000000000000e+00
-1.808050620200842928e+01 3.697141400393516575e-01 0.000000000000000000e+00 -2.340669707205810435e-04 0.000000000000000000e+00 -2.340669707205810977e-04 0.000000000000000000e+00
-1.802155185214019895e+01 3.697003634935340233e-01 0.000000000000000000e+00 -2.332961649395097741e-04 0.000000000000000000e+00 -2.332961649395097741e-04 0.000000000000000000e+00
-1.793141049930855857e+01 3.696793869931594423e-01 0.000000000000000000e+00 -2.321172436036781641e-04 0.000000000000000000e+00 -2.321172436036781099e-04 0.000000000000000000e+00
-1.781334752057906101e+01 3.696520737214319396e-01 0.000000000000000000e+00 -2.305724969194031552e-04 0.000000000000000000e+00 -2.305724969194030739e-04 0.000000000000000000e+00
-1.767163135986139011e+01 3.696195293154544981e-01 0.000000000000000000e+00 -2.287173032871132774e-04 0.000000000000000000e+00 -2.287173032871133859e-04 0.000000000000000000e+00
-1.751138440365012983e+01 3.695830462282399531e-01 0.000000000000000000e+00 -2.266182650865057157e-04 0.000000000000000000e+00 -2.266182650865055531e-04 0.000000000000000000e+00
-1.733839855072772096e+01 3.695440405652642424e-01 0.000000000000000000e+00 -2.243508770850971828e-04 0.000000000000000000e+00 -2.243508770850971828e-04 0.000000000000000000e+00
-1.715892603968406149e+01 3.695039869668859667e-01 0.000000000000000000e+00 -2.219968527861341558e-04 0.000000000000000000e+00 -2.219968527861341287e-04 0.000000000000000000e+00
-1.697945352864040913e+01 3.694643559972435320e-01 0.000000000000000000e+00 -2.196412036228288236e-04 0.000000000000000000e+00 -2.196412036228287694e-04 0.000000000000000000e+00
-1.680646767571798961e+01 3.694265576694126807e-01 0.000000000000000000e+00 -2.173691737566218552e-04 0.000000000000000000e+00 -2.173691737566219094e-04 0.000000000000000000e+00
-1.664622071950672932e+01 3.693918936467384118e-01 0.000000000000000000e+00 -2.152631415672700481e-04 0.000000000000000000e+00 -2.152631415672699939e-04 0.000000000000000000e+00
-1.650450455878906908e+01 3.693615194159611814e-01 0.000000000000000000e+00 -2.133996036780582740e-04 0.000000000000000000e+00 -2.133996036780585451e-04 0.000000000000000000e+00
-1.638644158005956086e+01 3.693364165068949712e-01 0.000000000000000000e+00 -2.118463578724097841e-04 0.000000000000000000e+00 -2.118463578724115730e-04 0.000000000000000000e+00
-1.629630022722792049e+01 3.693173738566177811e-01 0.000000000000000000e+00 -2.106600003551780374e-04 0.000000000000000000e+00 -2.106600003551847052e-04 0.000000000000000000e+00
-1.623734587735970081e+01 3.693049774100529703e-01 0.000000000000000000e+00 -2.098838875529122515e-04 0.000000000000000000e+00 -2.098838875529281892e-04 0.000000000000000000e+00
-1.621190138624541888e+01 3.692996412834655406e-01 0.000000000000000000e+00 -2.095488688934505370e-04 0.000000000000000000e+00 -2.095488688934732510e-04 0.000000000000000000e+00
-1.621190138624541888e+01 3.692996412834655406e-01 0.000000000000000000e+00 -2.095488688934505370e-04 0.000000000000000000e+00 -2.095488688934732510e-04 0.000000000000000000e+00
-1.618645689513114050e+01 3.692943136816486116e-01 0.000000000000000000e+00 -2.092138195029315565e-04 0.000000000000000000e+00 -2.092138195029637302e-04 0.000000000000000000e+00
-1.612750254526291016e+01 3.692820025028024089e-01 0.000000000000000000e+00 -2.084373993176740164e-04 0.000000000000000000e+00 -2.084373993177448148e-04 0.000000000000000000e+00
-1.603736119243126979e+01 3.692632671906458941e-01 0.000000000000000000e+00 -2.072499338681661274e-04 0.000000000000000000e+00 -2.072499338683871963e-04 0.000000000000000000e+00
-1.591929821370177045e+01 3.692388904846572451e-01 0.000000000000000000e+00 -2.056940701262436515e-04 0.000000000000000000e+00 -2.056940701271258397e-04 0.000000000000000000e+00
-1.577758205298409955e+01 3.692098726929863850e-01 0.000000000000000000e+00 -2.038256422262962127e-04 0.000000000000000000e+00 -2.038256422303192262e-04 0.000000000000000000e+00
-1.561733509677283926e+01 3.691773796082362669e-01 0.000000000000000000e+00 -2.017117834649193313e-04 0.000000000000000000e+00 -2.017117834838420473e-04 0.000000000000000000e+00
-1.544434924385043040e+01 3.691426837858743926e-01 0.000000000000000000e+00 -1.994285679939600546e-04 0.000000000000000000e+00 -1.994285680785219694e-04 0.000000000000000000e+00
-1.526487673280676916e+01 3.691071045169703746e-01 0.000000000000000000e+00 -1.970583099318779419e-04 0.000000000000000000e+00 -1.970583102705424766e-04 0.000000000000000000e+00
-1.508540422176312035e+01 3.690719507743580041e-01 0.000000000000000000e+00 -1.946866166777997125e-04 0.000000000000000000e+00 -1.946866178500599180e-04 0.000000000000000000e+00
-1.491241836884070082e+01 3.690384705658916187e-01 0.000000000000000000e+00 -1.923993007029778162e-04 0.000000000000000000e+00 -1.923993041450731121e-04 0.000000000000000000e+00
-1.475217141262944054e+01 3.690078090229224617e-01 0.000000000000000000e+00 -1.902792620805636708e-04 0.000000000000000000e+00 -1.902792705996619123e-04 0.000000000000000000e+00
-1.461045525191178029e+01 3.689809762990286512e-01 0.000000000000000000e+00 -1.884034583525527899e-04 0.000000000000000000e+00 -1.884034761449906959e-04 0.000000000000000000e+00
-1.449239227318227030e+01 3.689588251332359681e-01 0.000000000000000000e+00 -1.868400780889195741e-04 0.000000000000000000e+00 -1.868401096025217945e-04 0.000000000000000000e+00
-1.440225092035062993e+01 3.689420369587541049e-01 0.000000000000000000e+00 -1.856460325232253011e-04 0.000000000000000000e+00 -1.856460801481536619e-04 0.000000000000000000e+00
-1.434329657048241025e+01 3.689311153674374455e-01 0.000000000000000000e+00 -1.848649139389200655e-04 0.000000000000000000e+00 -1.848649756896219480e-04 0.000000000000000000e+00
-1.431785207936813009e+01 3.689264158761669243e-01 0.000000000000000000e+00 -1.845277400948126410e-04 0.000000000000000000e+00 -1.845278090043353417e-04 0.000000000000000000e+00
-1.431785207936813009e+01 3.689264158761669243e-01 0.000000000000000000e+00 -1.845277400948126410e-04 0.000000000000000000e+00 -1.845278090043353417e-04 0.000000000000000000e+00
-1.429240758825383928e+01 3.689217249657363307e-01 0.000000000000000000e+00 -1.841905386378479847e-04 0.000000000000000000e+00 -1.841906154269928788e-04 0.000000000000000000e+00
-1.423345323838561960e+01 3.689108892030372178e-01 0.000000000000000000e+00 -1.834091438284574907e-04 0.000000000000000000e+00 -1.834092419888311461e-04 0.000000000000000000e+00
-1.414331188555397922e+01 3.688944103894626347e-01 0.000000000000000000e+00 -1.822141021613542331e-04 0.000000000000000000e+00 -1.822142430886375581e-04 0.000000000000000000e+00
-1.402524890682446923e+01 3.688729902131429039e-01 0.000000000000000000e+00 -1.806483652408710718e-04 0.000000000000000000e+00 -1.806485862482841258e-04 0.000000000000000000e+00
-1.388353274610681076e+01 3.688475228944400608e-01 0.000000000000000000e+00 -1.787681482792277839e-04 0.000000000000000000e+00 -1.787685153318097162e-04 0.000000000000000000e+00
-1.372328578989555048e+01 3.688190467104163761e-01 0.000000000000000000e+00 -1.766410151777907513e-04 0.000000000000000000e+00 -1.766416415311648119e-04 0.000000000000000000e+00
-1.355029993697313984e+01 3.687886897720591972e-01 0.000000000000000000e+00 -1.743434921809784894e-04 0.000000000000000000e+00 -1.743445613924734388e-04 0.000000000000000000e+00
-1.337082742592948037e+01 3.687576151313179396e-01 0.000000000000000000e+00 -1.719583447061765488e-04 0.000000000000000000e+00 -1.719601312677763256e-04 0.000000000000000000e+00
-1.319135491488581913e+01 3.687269692991777537e-01 0.000000000000000000e+00 -1.695716214639792429e-04 0.000000000000000000e+00 -1.695744959530265578e-04 0.000000000000000000e+00
-1.301836906196341026e+01 3.686978374032523487e-01 0.000000000000000000e+00 -1.672695741842868144e-04 0.000000000000000000e+00 -1.672739765942417637e-04 0.000000000000000000e+00
-1.285812210575214998e+01 3.686712071107022815e-01 0.000000000000000000e+00 -1.651355611869994146e-04 0.000000000000000000e+00 -1.651419312735370694e-04 0.000000000000000000e+00
-1.271640594503448973e+01 3.686479422027773567e-01 0.000000000000000000e+00 -1.632470377622588324e-04 0.000000000000000000e+00 -1.632557067609793932e-04 0.000000000000000000e+00
-1.259834296630497974e+01 3.686287654772096301e-01 0.000000000000000000e+00 -1.616727313608418625e-04 0.000000000000000000e+00 -1.616838003424551278e-04 0.000000000000000000e+00
-1.250820161347333936e+01 3.686142496721946937e-01 0.000000000000000000e+00 -1.604701027687530752e-04 0.000000000000000000e+00 -1.604833485064937118e-04 0.000000000000000000e+00
-1.244924726360511968e+01 3.686048149365007687e-01 0.000000000000000000e+00 -1.596832429072612362e-04 0.000000000000000000e+00 -1.596980920035495557e-04 0.000000000000000000e+00
-1.242380277249083953e+01 3.686007573380279956e-01 0.000000000000000000e+00 -1.593435574367314811e-04 0.000000000000000000e+00 -1.593591455417947653e-04 0.000000000000000000e+00
-1.242380277249083953e+01 3.686007573380279956e-01 0.000000000000000000e+00 -1.593435574367314811e-04 0.000000000000000000e+00 -1.593591455417947653e-04 0.000000000000000000e+00
-1.239835828137655938e+01 3.685967084257085746e-01 0.000000000000000000e+00 -1.590038230582552941e-04 0.000000000000000000e+00 -1.590201797299002390e-04 0.000000000000000000e+00
-1.233940393150833081e+01 3.685873605722033708e-01 0.000000000000000000e+00 -1.582164738962866645e-04 0.000000000000000000e+00 -1.582347297037101791e-04 0.000000000000000000e+00
-1.224926257867669044e+01 3.685731579284241000e-01 0.000000000000000000e+00 -1.570120800733659002e-04 0.000000000000000000e+00 -1.570335806900718457e-04 0.000000000000000000e+00
-1.213119959994718933e+01 3.685547211896921804e-01 0.000000000000000000e+00 -1.554335927049116947e-04 0.000000000000000000e+00 -1.554600291341008179e-04 0.000000000000000000e+00
-1.198948343922952020e+01 3.685328385584950572e-01 0.000000000000000000e+00 -1.535372226137618197e-04 0.000000000000000000e+00 -1.535707400490171929e-04 0.000000000000000000e+00
-1.182923648301825992e+01 3.685084208027825659e-01 0.000000000000000000e+00 -1.513905511046558059e-04 0.000000000000000000e+00 -1.514338123874780877e-04 0.000000000000000000e+00
-1.165625063009584927e+01 3.684824513828734993e-01 0.000000000000000000e+00 -1.490702020179602021e-04 0.000000000000000000e+00 -1.491263632338504363e-04 0.000000000000000000e+00
-1.147677811905218981e+01 3.684559364789924962e-01 0.000000000000000000e+00 -1.466592094300988528e-04 0.000000000000000000e+00 -1.467317616318282046e-04 0.000000000000000000e+00
-1.129730560800853034e+01 3.684298588551066511e-01 0.000000000000000000e+00 -1.442441673614961047e-04 0.000000000000000000e+00 -1.443366135254968809e-04 0.000000000000000000e+00
-1.112431975508611970e+01 3.684051386663046435e-01 0.000000000000000000e+00 -1.419122362475993431e-04 0.000000000000000000e+00 -1.420276094413298407e-04 0.000000000000000000e+00
-1.096407279887485942e+01 3.683826032139838613e-01 0.000000000000000000e+00 -1.397480760417872377e-04 0.000000000000000000e+00 -1.398883565485426297e-04 0.000000000000000000e+00
-1.082235663815719917e+01 3.683629663831593515e-01 0.000000000000000000e+00 -1.378307818204722130e-04 0.000000000000000000e+00 -1.379963209456119496e-04 0.000000000000000000e+00
-1.070429365942768918e+01 3.683468172328919210e-01 0.000000000000000000e+00 -1.362309165436117195e-04 0.000000000000000000e+00 -1.364200026983505474e-04 0.000000000000000000e+00
-1.061415230659605058e+01 3.683346161688244580e-01 0.000000000000000000e+00 -1.350077647761962053e-04 0.000000000000000000e+00 -1.352164584208485508e-04 0.000000000000000000e+00
-1.055519795672782912e+01 3.683266968434692479e-01 0.000000000000000000e+00 -1.342069981598193612e-04 0.000000000000000000e+00 -1.344293134147616557e-04 0.000000000000000000e+00
-1.052975346561355074e+01 3.683232936670848279e-01 0.000000000000000000e+00 -1.338611905805975658e-04 0.000000000000000000e+00 -1.340895853838018940e-04 0.000000000000000000e+00
-1.052975346561355074e+01 3.683232936670848279e-01 0.000000000000000000e+00 -1.338611905805975658e-04 0.000000000000000000e+00 -1.340895853838018940e-04 0.000000000000000000e+00
-1.050430897449925993e+01 3.683198994054590059e-01 0.000000000000000000e+00 -1.335152611259495426e-04 0.000000000000000000e+00 -1.337498584911304077e-04 0.000000000000000000e+00
-1.044535462463104025e+01 3.683120692486312464e-01 0.000000000000000000e+00 -1.327132754923835323e-04 0.000000000000000000e+00 -1.329627248933382046e-04 0.000000000000000000e+00
-1.035521327179939988e+01 3.683001895828982297e-01 0.000000000000000000e+00 -1.314857302615622453e-04 0.000000000000000000e+00 -1.317592220788870285e-04 0.000000000000000000e+00
-1.023715029306988988e+01 3.682847998594088734e-01 0.000000000000000000e+00 -1.298754859337762082e-04 0.000000000000000000e+00 -1.301830039379910163e-04 0.000000000000000000e+00
-1.009543413235222964e+01 3.682665815288095890e-01 0.000000000000000000e+00 -1.279388133649426659e-04 0.000000000000000000e+00 -1.282911633506814738e-04 0.000000000000000000e+00
-9.935187176140969356e+00 3.682463163528590933e-01 0.000000000000000000e+00 -1.257436608033420773e-04 0.000000000000000000e+00 -1.261522443430009455e-04 0.000000000000000000e+00
-9.762201323218558713e+00 3.682248406603508273e-01 0.000000000000000000e+00 -1.233674851710232431e-04 0.000000000000000000e+00 -1.238437639161029552e-04 0.000000000000000000e+00
-9.582728812174899247e+00 3.682030002160048832e-01 0.000000000000000000e+00 -1.208947447040853158e-04 0.000000000000000000e+00 -1.214493820380782243e-04 0.000000000000000000e+00
-9.403256301131241557e+00 3.681816095469674366e-01 0.000000000000000000e+00 -1.184140991708535580e-04 0.000000000000000000e+00 -1.190558316507725988e-04 0.000000000000000000e+00
-9.230270448208830913e+00 3.681614187091489243e-01 0.000000000000000000e+00 -1.160153645923437489e-04 0.000000000000000000e+00 -1.167497315169572006e-04 0.000000000000000000e+00
-9.070023491997568854e+00 3.681430893090806289e-01 0.000000000000000000e+00 -1.137862889578042153e-04 0.000000000000000000e+00 -1.146144127345991400e-04 0.000000000000000000e+00
-8.928307331279906833e+00 3.681271802591470355e-01 0.000000000000000000e+00 -1.118092487517317098e-04 0.000000000000000000e+00 -1.127268892245519339e-04 0.000000000000000000e+00
-8.810244352550400393e+00 3.681141424327555312e-01 0.000000000000000000e+00 -1.101580038564926650e-04 0.000000000000000000e+00 -1.111550927875742435e-04 0.000000000000000000e+00
-8.720102999718760017e+00 3.681043203258202445e-01 0.000000000000000000e+00 -1.088946813475891661e-04 0.000000000000000000e+00 -1.099554790768261022e-04 0.000000000000000000e+00
-8.661148649850536785e+00 3.680979584857475562e-01 0.000000000000000000e+00 -1.080672165457023567e-04 0.000000000000000000e+00 -1.091711327376682035e-04 0.000000000000000000e+00
-8.635704158736254854e+00 3.680952279011864836e-01 0.000000000000000000e+00 -1.077097847609484666e-04 0.000000000000000000e+00 -1.088326689497211416e-04 0.000000000000000000e+00
-8.635704158736254854e+00 3.680952279011864836e-01 0.000000000000000000e+00 -1.077097847609484666e-04 0.000000000000000000e+00 -1.088326689497211416e-04 0.000000000000000000e+00
-8.610259667621972923e+00 3.680925064630949928e-01 0.000000000000000000e+00 -1.073521710182695038e-04 0.000000000000000000e+00 -1.084942405209542903e-04 0.000000000000000000e+00
-8.551305317753749691e+00 3.680862361090236901e-01 0.000000000000000000e+00 -1.065228863408942148e-04 0.000000000000000000e+00 -1.077102478806169899e-04 0.000000000000000000e+00
-8.461163964922109315e+00 3.680767437507767581e-01 0.000000000000000000e+00 -1.052530062652524804e-04 0.000000000000000000e+00 -1.065119094008564962e-04 0.000000000000000000e+00
-8.343100986192602875e+00 3.680644850651478284e-01 0.000000000000000000e+00 -1.035862788872584549e-04 0.000000000000000000e+00 -1.049431284425006146e-04 0.000000000000000000e+00
-8.201384825474940854e+00 3.680500312750369374e-01 0.000000000000000000e+00 -1.015803656821298676e-04 0.000000000000000000e+00 -1.030612459574897213e-04 0.000000000000000000e+00
-8.041137869263678795e+00 3.680340308146511363e-01 0.000000000000000000e+00 -9.930520350218626532e-05 0.000000000000000000e+00 -1.009349789084453041e-04 0.000000000000000000e+00
-7.868152016341267263e+00 3.680171679544729235e-01 0.000000000000000000e+00 -9.684086793053947877e-05 0.000000000000000000e+00 -9.864186561171017851e-05 0.000000000000000000e+00
-7.688679505297609573e+00 3.680001228751137443e-01 0.000000000000000000e+00 -9.427500782688116637e-05 0.000000000000000000e+00 -9.626536762952675637e-05 0.000000000000000000e+00
-7.509206994253951883e+00 3.679835368767634951e-01 0.000000000000000000e+00 -9.169989219391793821e-05 0.000000000000000000e+00 -9.389175160249143908e-05 0.000000000000000000e+00
-7.336221141331538576e+00 3.679679854821930052e-01 0.000000000000000000e+00 -8.920913938667747196e-05 0.000000000000000000e+00 -9.160688384571335011e-05 0.000000000000000000e+00
-7.175974185120277404e+00 3.679539609689201352e-01 0.000000000000000000e+00 -8.689423953458294948e-05 0.000000000000000000e+00 -8.949307569517551541e-05 0.000000000000000000e+00
-7.034258024402616272e+00 3.679418645091609430e-01 0.000000000000000000e+00 -8.484101880531996840e-05 0.000000000000000000e+00 -8.762611356726025520e-05 0.000000000000000000e+00
-6.916195045673110720e+00 3.679320068040219383e-01 0.000000000000000000e+00 -8.312621815304665595e-05 0.000000000000000000e+00 -8.607259372370655007e-05 0.000000000000000000e+00
-6.826053692841468568e+00 3.679246150705075546e-01 0.000000000000000000e+00 -8.181436851717391594e-05 0.000000000000000000e+00 -8.488766147746685186e-05 0.000000000000000000e+00
-6.767099342973246223e+00 3.679198438392271009e-01 0.000000000000000000e+00 -8.095518266017765982e-05 0.000000000000000000e+00 -8.411326765933185856e-05 0.000000000000000000e+00
-6.741654851858964292e+00 3.679178000228594536e-01 0.000000000000000000e+00 -8.058406693481608781e-05 0.000000000000000000e+00 -8.377918667830551642e-05 0.000000000000000000e+00
-6.741654851858964292e+00 3.679178000228594536e-01 0.000000000000000000e+00 -8.058406693481608781e-05 0.000000000000000000e+00 -8.377918667830551642e-05 0.000000000000000000e+00
-6.716210360744682362e+00 3.679157655140944949e-01 0.000000000000000000e+00 -8.021277429601022667e-05 0.000000000000000000e+00 -8.344519438759796239e-05 0.000000000000000000e+00
-6.657256010876459129e+00 3.679110873811107796e-01 0.000000000000000000e+00 -7.935181887308474390e-05 0.000000000000000000e+00 -8.267168780755657803e-05 0.000000000000000000e+00
-6.567114658044817865e+00 3.679040312164694182e-01 0.000000000000000000e+00 -7.803359078888033097e-05 0.000000000000000000e+00 -8.148995542582014335e-05 0.000000000000000000e+00
-6.449051679315312313e+00 3.678949664594689528e-01 0.000000000000000000e+00 -7.630371714037776656e-05 0.000000000000000000e+00 -7.994400839316560348e-05 0.000000000000000000e+00
-6.307335518597651181e+00 3.678843512563471085e-01 0.000000000000000000e+00 -7.422233686298227372e-05 0.000000000000000000e+00 -7.809123615496242848e-05 0.000000000000000000e+00
-6.147088562386389121e+00 3.678726978488793820e-01 0.000000000000000000e+00 -7.186235461348691473e-05 0.000000000000000000e+00 -7.600026123992646460e-05 0.000000000000000000e+00
-5.974102709463976701e+00 3.678605358815582038e-01 0.000000000000000000e+00 -6.930714734890677700e-05 0.000000000000000000e+00 -7.374828941263609475e-05 0.000000000000000000e+00
-5.794630198420319012e+00 3.678483778163879614e-01 0.000000000000000000e+00 -6.664781832313768735e-05 0.000000000000000000e+00 -7.141810864036325244e-05 0.000000000000000000e+00
-5.615157687376661322e+00 3.678366898987365796e-01 0.000000000000000000e+00 -6.398007437026455215e-05 0.000000000000000000e+00 -6.909486795254743950e-05 0.000000000000000000e+00
-5.442171834454248902e+00 3.678258712204733882e-01 0.000000000000000000e+00 -6.140082388199036929e-05 0.000000000000000000e+00 -6.686278566316027365e-05 0.000000000000000000e+00
-5.281924878242986843e+00 3.678162422811375731e-01 0.000000000000000000e+00 -5.900460965329906889e-05 0.000000000000000000e+00 -6.480195511268543895e-05 0.000000000000000000e+00
-5.140208717525325710e+00 3.678080431663532934e-01 0.000000000000000000e+00 -5.688000497464432408e-05 0.000000000000000000e+00 -6.298542263639931465e-05 0.000000000000000000e+00
-5.022145738795820158e+00 3.678014401702313640e-01 0.000000000000000000e+00 -5.510612271971866840e-05 0.000000000000000000e+00 -6.147669386615647240e-05 0.000000000000000000e+00
-4.932004385964178894e+00 3.677965385461308134e-01 0.000000000000000000e+00 -5.374941759807815700e-05 0.000000000000000000e+00 -6.032777611140130192e-05 0.000000000000000000e+00
-4.873050036095955662e+00 3.677933984175881799e-01 0.000000000000000000e+00 -5.286102416341672471e-05 0.000000000000000000e+00 -5.957783068349525879e-05 0.000000000000000000e+00
-4.847605544981673731e+00 3.677920592126532884e-01 0.000000000000000000e+00 -5.247733628146054923e-05 0.000000000000000000e+00 -5.925452712188610357e-05 0.000000000000000000e+00
-4.847605544981673731e+00 3.677920592126532884e-01 0.000000000000000000e+00 -5.247733628146054923e-05 0.000000000000000000e+00 -5.925452712188610357e-05 0.000000000000000000e+00
-4.822161053867391800e+00 3.677907297037065204e-01 0.000000000000000000e+00 -5.209349286678480352e-05 0.000000000000000000e+00 -5.893145101378135050e-05 0.000000000000000000e+00
-4.763206703999168568e+00 3.677876865574350451e-01 0.000000000000000000e+00 -5.120354440168372402e-05 0.000000000000000000e+00 -5.818378090892327518e-05 0.000000000000000000e+00
-4.673065351167527304e+00 3.677831344895676202e-01 0.000000000000000000e+00 -4.984124433972594853e-05 0.000000000000000000e+00 -5.704306813101897686e-05 0.000000000000000000e+00
-4.555002372438021752e+00 3.677773574167410020e-01 0.000000000000000000e+00 -4.805420419733839101e-05 0.000000000000000000e+00 -5.555375041023762604e-05 0.000000000000000000e+00
-4.413286211720360619e+00 3.677707008629789165e-01 0.000000000000000000e+00 -4.590525774788910089e-05 0.000000000000000000e+00 -5.377356308709605614e-05 0.000000000000000000e+00
-4.253039255509098560e+00 3.677635403433347494e-01 0.000000000000000000e+00 -4.347072560686879522e-05 0.000000000000000000e+00 -5.177113700304672087e-05 0.000000000000000000e+00
-4.080053402586686140e+00 3.677562483994116227e-01 0.000000000000000000e+00 -4.083808718796824819e-05 0.000000000000000000e+00 -4.962301272766889008e-05 0.000000000000000000e+00
-3.900580891543028006e+00 3.677491645231036332e-01 0.000000000000000000e+00 -3.810305052786852143e-05 0.000000000000000000e+00 -4.741026777154720614e-05 0.000000000000000000e+00
-3.721108380499371204e+00 3.677425716760608920e-01 0.000000000000000000e+00 -3.536598827555487498e-05 0.000000000000000000e+00 -4.521497602327266487e-05 0.000000000000000000e+00
-3.548122527576957896e+00 3.677366820560515337e-01 0.000000000000000000e+00 -3.272784388300514861e-05 0.000000000000000000e+00 -4.311675113239749692e-05 0.000000000000000000e+00
-3.387875571365695837e+00 3.677316332194012216e-01 0.000000000000000000e+00 -3.028580432638271449e-05 0.000000000000000000e+00 -4.118961913062967333e-05 0.000000000000000000e+00
-3.246159410648035148e+00 3.677274940901089084e-01 0.000000000000000000e+00 -2.812914393195815687e-05 0.000000000000000000e+00 -3.949943360764405549e-05 0.000000000000000000e+00
-3.128096431918530040e+00 3.677242789864274553e-01 0.000000000000000000e+00 -2.633563434650768929e-05 0.000000000000000000e+00 -3.810197958236005873e-05 0.000000000000000000e+00
-3.037955079086887888e+00 3.677219666783931307e-01 0.000000000000000000e+00 -2.496881697092952470e-05 0.000000000000000000e+00 -3.704180073911263698e-05 0.000000000000000000e+00
-2.979000729218665100e+00 3.677205209729481616e-01 0.000000000000000000e+00 -2.407629310773061660e-05 0.000000000000000000e+00 -3.635169704088448946e-05 0.000000000000000000e+00
-2.953556238104383169e+00 3.677199132603423126e-01 0.000000000000000000e+00 -2.369146196719971076e-05 0.000000000000000000e+00 -3.605466712960908723e-05 0.000000000000000000e+00
-2.953556238104383169e+00 3.677199132603423126e-01 0.000000000000000000e+00 -2.369146196719971076e-05 0.000000000000000000e+00 -3.605466712960908723e-05 0.000000000000000000e+00
-2.928111746990100794e+00 3.677192209386656585e-01 0.000000000000000000e+00 -2.324559769448443269e-05 0.000000000000000000e+00 -3.571091844360736311e-05 0.000000000000000000e+00
-2.869157397121878006e+00 3.677176680151711397e-01 0.000000000000000000e+00 -2.221432997470506235e-05 0.000000000000000000e+00 -3.491741853363487813e-05 0.000000000000000000e+00
-2.779016044290237186e+00 3.677154313033478283e-01 0.000000000000000000e+00 -2.064272596171913118e-05 0.000000000000000000e+00 -3.371229347757049774e-05 0.000000000000000000e+00
-2.660953065560731190e+00 3.677127521356122197e-01 0.000000000000000000e+00 -1.859490817311610486e-05 0.000000000000000000e+00 -3.214917484534856733e-05 0.000000000000000000e+00
-2.519236904843069169e+00 3.677099080002760312e-01 0.000000000000000000e+00 -1.615488739425381080e-05 0.000000000000000000e+00 -3.029662101319437252e-05 0.000000000000000000e+00
-2.358989948631807110e+00 3.677071750867952904e-01 0.000000000000000000e+00 -1.342317679292036415e-05 0.000000000000000000e+00 -2.823429535530244520e-05 0.000000000000000000e+00
-2.186004095709395134e+00 3.677047921520074092e-01 0.000000000000000000e+00 -1.051200972750338631e-05 0.000000000000000000e+00 -2.604841969453513254e-05 0.000000000000000000e+00
-2.006531584665737000e+00 3.677029313649683440e-01 0.000000000000000000e+00 -7.539318386693723753e-06 0.000000000000000000e+00 -2.382690663703507217e-05 0.000000000000000000e+00
-1.827059073622079088e+00 3.677016804808518891e-01 0.000000000000000000e+00 -4.621929341480645650e-06 0.000000000000000000e+00 -2.165463002935470916e-05 0.000000000000000000e+00
-1.654073220699666891e+00 3.677010386285862187e-01 0.000000000000000000e+00 -1.868805169658305975e-06 0.000000000000000000e+00 -1.960932924181991530e-05 0.000000000000000000e+00
-1.493826264488405053e+00 3.677009255020601275e-01 0.000000000000000000e+00 6.246290924553405509e-07 0.000000000000000000e+00 -1.775857970039242714e-05 0.000000000000000000e+00
-1.352110103770743033e+00 3.677012014127906681e-01 0.000000000000000000e+00 2.780157118385978259e-06 0.000000000000000000e+00 -1.615808535186129724e-05 0.000000000000000000e+00
-1.234047125041237036e+00 3.677016940773059628e-01 0.000000000000000000e+00 4.537990090007122543e-06 0.000000000000000000e+00 -1.485129637630985396e-05 0.000000000000000000e+00
-1.143905772209595995e+00 3.677022274929951373e-01 0.000000000000000000e+00 5.855723444292574948e-06 0.000000000000000000e+00 -1.387010474887563752e-05 0.000000000000000000e+00
-1.084951422341372984e+00 3.677026486990808141e-01 0.000000000000000000e+00 6.705733806455867245e-06 0.000000000000000000e+00 -1.323622714055399871e-05 0.000000000000000000e+00
-1.059506931227091053e+00 3.677028479496430302e-01 0.000000000000000000e+00 7.069647551098978608e-06 0.000000000000000000e+00 -1.296457787323290105e-05 0.000000000000000000e+00
-1.059506931227091053e+00 3.677028479496430302e-01 0.000000000000000000e+00 7.069647551098978608e-06 0.000000000000000000e+00 -1.296457787323290105e-05 0.000000000000000000e+00
-1.034062440112808900e+00 3.677030576449848986e-01 0.000000000000000000e+00 7.431761413357570129e-06 0.000000000000000000e+00 -1.269409746406827536e-05 0.000000000000000000e+00
-9.751080902445861120e-01 3.677035833196967141e-01 0.000000000000000000e+00 8.263771112904314190e-06 0.000000000000000000e+00 -1.207191037402729916e-05 0.000000000000000000e+00
-8.849667374129448483e-01 3.677044932254064924e-01 0.000000000000000000e+00 9.516659041055538945e-06 0.000000000000000000e+00 -1.113284375733972773e-05 0.000000000000000000e+00
-7.669037586834388520e-01 3.677058751451383056e-01 0.000000000000000000e+00 1.112149345334412325e-05 0.000000000000000000e+00 -9.925515485299083352e-06 0.000000000000000000e+00
-6.251875979657778304e-01 3.677078107575415533e-01 0.000000000000000000e+00 1.299208030633239692e-05 0.000000000000000000e+00 -8.510515092231312191e-06 0.000000000000000000e+00
-4.649406417545159931e-01 3.677103504500263131e-01 0.000000000000000000e+00 1.503172829658723328e-05 0.000000000000000000e+00 -6.955877630775083566e-06 0.000000000000000000e+00
-2.919547888321041840e-01 3.677134924181104658e-01 0.000000000000000000e+00 1.714110148474804865e-05 0.000000000000000000e+00 -5.332132213586418713e-06 0.000000000000000000e+00
-1.124822777884462027e-01 3.677171702048749324e-01 0.000000000000000000e+00 1.922608371009085278e-05 0.000000000000000000e+00 -3.707545924905229842e-06 0.000000000000000000e+00
6.699023325521125116e-02 3.677212508970278404e-01 0.000000000000000000e+00 2.120441407615327784e-05 0.000000000000000000e+00 -2.144144155747797233e-06 0.000000000000000000e+00
2.399760861776231990e-01 3.677255438262553855e-01 0.000000000000000000e+00 2.301001708172077120e-05 0.000000000000000000e+00 -6.949518750301707160e-07 0.000000000000000000e+00
4.002230423888851196e-01 3.677298175604269970e-01 0.000000000000000000e+00 2.459449377653246443e-05 0.000000000000000000e+00 5.973426982433414158e-07 0.000000000000000000e+00
5.419392031065459747e-01 3.677338217750557026e-01 0.000000000000000000e+00 2.592595824843317836e-05 0.000000000000000000e+00 1.700381771087871518e-06 0.000000000000000000e+00
6.600021818360519710e-01 3.677373104414441984e-01 0.000000000000000000e+00 2.698599349912613409e-05 0.000000000000000000e+00 2.591100537074678022e-06 0.000000000000000000e+00
7.501435346676930127e-01 3.677400634041064764e-01 0.000000000000000000e+00 2.776575033357224818e-05 0.000000000000000000e+00 3.254090812865779082e-06 0.000000000000000000e+00
8.090978845359160232e-01 3.677419043012136735e-01 0.000000000000000000e+00 2.826208944524019032e-05 0.000000000000000000e+00 3.679779233318125521e-06 0.000000000000000000e+00
8.345423756501979540e-01 3.677427084687300285e-01 0.000000000000000000e+00 2.847301327882286885e-05 0.000000000000000000e+00 3.861582560182000972e-06 0.000000000000000000e+00
8.345423756501979540e-01 3.677427084687300285e-01 0.000000000000000000e+00 2.847301327882286885e-05 0.000000000000000000e+00 3.861582560182000972e-06 0.000000000000000000e+00
8.599868667644797737e-01 3.677435183649097050e-01 0.000000000000000000e+00 2.868196578040534418e-05 0.000000000000000000e+00 4.042231943454746962e-06 0.000000000000000000e+00
9.189412166327028952e-01 3.677454165653072371e-01 0.000000000000000000e+00 2.915858928934232013e-05 0.000000000000000000e+00 4.456378863161824265e-06 0.000000000000000000e+00
1.009082569464343937e+00 3.677483761196860268e-01 0.000000000000000000e+00 2.986731877808304273e-05 0.000000000000000000e+00 5.077778788547145626e-06 0.000000000000000000e+00
1.127145548193849933e+00 3.677523532372578563e-01 0.000000000000000000e+00 3.075974477018690969e-05 0.000000000000000000e+00 5.870284972420528621e-06 0.000000000000000000e+00
1.268861708911511954e+00 3.677572709284826491e-01 0.000000000000000000e+00 3.177896570447911768e-05 0.000000000000000000e+00 6.790104653801750829e-06 0.000000000000000000e+00
1.429108665122774013e+00 3.677630096690190364e-01 0.000000000000000000e+00 3.286593549851953580e-05 0.000000000000000000e+00 7.789776239194110555e-06 0.000000000000000000e+00
1.602094518045185989e+00 3.677694026057034549e-01 0.000000000000000000e+00 3.396527973144550390e-05 0.000000000000000000e+00 8.822084494573392672e-06 0.000000000000000000e+00
1.781567029088843901e+00 3.677762368328150178e-01 0.000000000000000000e+00 3.502958456664817262e-05 0.000000000000000000e+00 9.843358441357936617e-06 0.000000000000000000e+00
1.961039540132502035e+00 3.677832608534908898e-01 0.000000000000000000e+00 3.602163008863010175e-05 0.000000000000000000e+00 1.081578376008959514e-05 0.000000000000000000e+00
2.134025393054913788e+00 3.677901970582148072e-01 0.000000000000000000e+00 3.691460387945989818e-05 0.000000000000000000e+00 1.170859221399448659e-05 0.000000000000000000e+00
2.294272349266175848e+00 3.677967573357526221e-01 0.000000000000000000e+00 3.769080072366310166e-05 0.000000000000000000e+00 1.249821634826308721e-05 0.000000000000000000e+00
2.435988509983837869e+00 3.678026598340810582e-01 0.000000000000000000e+00 3.833953471453876017e-05 0.000000000000000000e+00 1.316765867500681635e-05 0.000000000000000000e+00
2.554051488713343865e+00 3.678076452116654238e-01 0.000000000000000000e+00 3.885493877287997329e-05 0.000000000000000000e+00 1.370539237671658604e-05 0.000000000000000000e+00
2.644192841544985129e+00 3.678114911786051766e-01 0.000000000000000000e+00 3.923409975851162263e-05 0.000000000000000000e+00 1.410409393695114792e-05 0.000000000000000000e+00
2.703147191413207917e+00 3.678140243989169167e-01 0.000000000000000000e+00 3.947569948875885039e-05 0.000000000000000000e+00 1.435942825203091808e-05 0.000000000000000000e+00
2.728591682527489848e+00 3.678151219916317993e-01 0.000000000000000000e+00 3.957846797711174648e-05 0.000000000000000000e+00 1.446832479123801188e-05 0.000000000000000000e+00
2.728591682527489848e+00 3.678151219916317993e-01 0.000000000000000000e+00 3.957846797711174648e-05 0.000000000000000000e+00 1.446832479123801188e-05 0.000000000000000000e+00
2.754036173641771779e+00 3.678162221169382629e-01 0.000000000000000000e+00 3.968034896903934074e-05 0.000000000000000000e+00 1.457644231221491266e-05 0.000000000000000000e+00
2.812990523509995011e+00 3.678187806728259179e-01 0.000000000000000000e+00 3.991307069826502066e-05 0.000000000000000000e+00 1.482398449134804969e-05 0.000000000000000000e+00
2.903131876341635831e+00 3.678227180151025788e-01 0.000000000000000000e+00 4.026021754651962789e-05 0.000000000000000000e+00 1.519459827670518062e-05 0.000000000000000000e+00
3.021194855071141827e+00 3.678279196500480186e-01 0.000000000000000000e+00 4.069988704275727197e-05 0.000000000000000000e+00 1.566595232175957739e-05 0.000000000000000000e+00
3.162911015788802960e+00 3.678342273949806729e-01 0.000000000000000000e+00 4.120682771417092391e-05 0.000000000000000000e+00 1.621136410246663969e-05 0.000000000000000000e+00
3.323157972000065019e+00 3.678414398019829723e-01 0.000000000000000000e+00 4.175519983778219573e-05 0.000000000000000000e+00 1.680236637320625776e-05 0.000000000000000000e+00
3.496143824922476995e+00 3.678493155235632583e-01 0.000000000000000000e+00 4.232072839088669720e-05 0.000000000000000000e+00 1.741108487420142700e-05 0.000000000000000000e+00
3.675616335966135129e+00 3.678575798301593758e-01 0.000000000000000000e+00 4.288195456700183683e-05 0.000000000000000000e+00 1.801210207049113086e-05 0.000000000000000000e+00
3.855088847009791930e+00 3.678659340377181675e-01 0.000000000000000000e+00 4.342061523652756389e-05 0.000000000000000000e+00 1.858364769985901567e-05 0.000000000000000000e+00
4.028074699932204794e+00 3.678740671952929198e-01 0.000000000000000000e+00 4.392140856293962601e-05 0.000000000000000000e+00 1.910811304695696528e-05 0.000000000000000000e+00
4.188321656143465965e+00 3.678816691928626370e-01 0.000000000000000000e+00 4.437148814678755119e-05 0.000000000000000000e+00 1.957200338625965475e-05 0.000000000000000000e+00
4.330037816861127098e+00 3.678884444304906243e-01 0.000000000000000000e+00 4.475997946328730742e-05 0.000000000000000000e+00 1.996550363602131448e-05 0.000000000000000000e+00
4.448100795590634426e+00 3.678941252443821419e-01 0.000000000000000000e+00 4.507768988829414505e-05 0.000000000000000000e+00 2.028183941642751890e-05 0.000000000000000000e+00
4.538242148422273914e+00 3.678984843320241005e-01 0.000000000000000000e+00 4.531705246909109716e-05 0.000000000000000000e+00 2.051658657563265516e-05 0.000000000000000000e+00
4.597196498290497146e+00 3.679013453026940272e-01 0.000000000000000000e+00 4.547223977922560317e-05 0.000000000000000000e+00 2.066703064844620412e-05 0.000000000000000000e+00
4.622640989404779077e+00 3.679025825152819063e-01 0.000000000000000000e+00 4.553890732653598976e-05 0.000000000000000000e+00 2.073122168398383112e-05 0.000000000000000000e+00
4.622640989404779077e+00 3.679025825152819063e-01 0.000000000000000000e+00 4.553890732653598976e-05 0.000000000000000000e+00 2.073122168398383112e-05 0.000000000000000000e+00
4.648085480519061008e+00 3.679038211829516736e-01 0.000000000000000000e+00 4.560539548996863605e-05 0.000000000000000000e+00 2.079497160713614443e-05 0.000000000000000000e+00
4.707039830387284240e+00 3.679066967092624596e-01 0.000000000000000000e+00 4.575878772024087420e-05 0.000000000000000000e+00 2.094100327216851120e-05 0.000000000000000000e+00
4.797181183218926392e+00 3.679111082823277035e-01 0.000000000000000000e+00 4.599166776514808879e-05 0.000000000000000000e+00 2.115984264894343542e-05 0.000000000000000000e+00
4.915244161948431056e+00 3.679169132450516022e-01 0.000000000000000000e+00 4.629398380698893046e-05 0.000000000000000000e+00 2.143856697584873059e-05 0.000000000000000000e+00
5.056960322666093077e+00 3.679239208722287491e-01 0.000000000000000000e+00 4.665343118543563195e-05 0.000000000000000000e+00 2.176172713919685367e-05 0.000000000000000000e+00
5.217207278877355137e+00 3.679318961563298185e-01 0.000000000000000000e+00 4.705624219611689938e-05 0.000000000000000000e+00 2.211280370804345085e-05 0.000000000000000000e+00
5.390193131799767556e+00 3.679405656889590537e-01 0.000000000000000000e+00 4.748780777912229965e-05 0.000000000000000000e+00 2.247554194233852021e-05 0.000000000000000000e+00
5.569665642843425246e+00 3.679496255607784261e-01 0.000000000000000000e+00 4.793309376729505222e-05 0.000000000000000000e+00 2.283499215646618812e-05 0.000000000000000000e+00
5.749138153887082936e+00 3.679587511696571500e-01 0.000000000000000000e+00 4.837691429141229959e-05 0.000000000000000000e+00 2.317817897807200462e-05 0.000000000000000000e+00
5.922124006809495356e+00 3.679676086690736314e-01 0.000000000000000000e+00 4.880416770136063344e-05 0.000000000000000000e+00 2.349440662454855229e-05 0.000000000000000000e+00
6.082370963020757415e+00 3.679758676470692436e-01 0.000000000000000000e+00 4.920012924489140381e-05 0.000000000000000000e+00 2.377526548071574132e-05 0.000000000000000000e+00
6.224087123738419436e+00 3.679832144991282417e-01 0.000000000000000000e+00 4.955084936370999870e-05 0.000000000000000000e+00 2.401443263574887189e-05 0.000000000000000000e+00
6.342150102467924988e+00 3.679893658397634382e-01 0.000000000000000000e+00 4.984365297656849025e-05 0.000000000000000000e+00 2.420736029817900460e-05 0.000000000000000000e+00
6.432291455299566252e+00 3.679940811860387129e-01 0.000000000000000000e+00 5.006769278404279310e-05 0.000000000000000000e+00 2.435093062692226048e-05 0.000000000000000000e+00
6.491245805167788596e+00 3.679971739185843305e-01 0.000000000000000000e+00 5.021447982415173553e-05 0.000000000000000000e+00 2.444312909054408746e-05 0.000000000000000000e+00
6.516690296282071415e+00 3.679985108804790239e-01 0.000000000000000000e+00 5.027790121642746656e-05 0.000000000000000000e+00 2.448251379653545217e-05 0.000000000000000000e+00
6.516690296282071415e+00 3.679985108804790239e-01 0.000000000000000000e+00 5.027790121642746656e-05 0.000000000000000000e+00 2.448251379653545217e-05 0.000000000000000000e+00
6.542134787396353346e+00 3.679998491385341741e-01 0.000000000000000000e+00 5.034136580273757249e-05 0.000000000000000000e+00 2.452165535933477765e-05 0.000000000000000000e+00
6.601089137264576578e+00 3.680029548360243541e-01 0.000000000000000000e+00 5.048858460230070641e-05 0.000000000000000000e+00 2.461142166672604698e-05 0.000000000000000000e+00
6.691230490096217842e+00 3.680077169174683083e-01 0.000000000000000000e+00 5.071417638714962640e-05 0.000000000000000000e+00 2.474622324583168202e-05 0.000000000000000000e+00
6.809293468825723394e+00 3.680139787154387276e-01 0.000000000000000000e+00 5.101062066121325522e-05 0.000000000000000000e+00 2.491841703632102857e-05 0.000000000000000000e+00
6.951009629543385415e+00 3.680215319902095938e-01 0.000000000000000000e+00 5.136804113054973121e-05 0.000000000000000000e+00 2.511880230399189798e-05 0.000000000000000000e+00
7.111256585754646586e+00 3.680301216277108711e-01 0.000000000000000000e+00 5.177445464047157392e-05 0.000000000000000000e+00 2.533744520884972096e-05 0.000000000000000000e+00
7.284242438677058118e+00 3.680394522947718627e-01 0.000000000000000000e+00 5.221606103996357317e-05 0.000000000000000000e+00 2.556444561565237753e-05 0.000000000000000000e+00
7.463714949720715808e+00 3.680491969501217819e-01 0.000000000000000000e+00 5.267758255374624024e-05 0.000000000000000000e+00 2.579054962380348946e-05 0.000000000000000000e+00
7.643187460764372609e+00 3.680590071793689022e-01 0.000000000000000000e+00 5.314267975698391019e-05 0.000000000000000000e+00 2.600756338660194797e-05 0.000000000000000000e+00
7.816173313686785917e+00 3.680685251937922953e-01 0.000000000000000000e+00 5.359446493884960242e-05 0.000000000000000000e+00 2.620856807666717219e-05 0.000000000000000000e+00
7.976420269898047088e+00 3.680773971616965179e-01 0.000000000000000000e+00 5.401611350533016116e-05 0.000000000000000000e+00 2.638796720248206239e-05 0.000000000000000000e+00
8.118136430615708221e+00 3.680852873550099491e-01 0.000000000000000000e+00 5.439154972811615198e-05 0.000000000000000000e+00 2.654141330045336599e-05 0.000000000000000000e+00
8.236199409345214661e+00 3.680918924175324847e-01 0.000000000000000000e+00 5.470616320997805164e-05 0.000000000000000000e+00 2.666566350615527797e-05 0.000000000000000000e+00
8.326340762176855037e+00 3.680969549121936857e-01 0.000000000000000000e+00 5.494750105365780053e-05 0.000000000000000000e+00 2.675840706491193992e-05 0.000000000000000000e+00
8.385295112045078270e+00 3.681002750532977319e-01 0.000000000000000000e+00 5.510587081776778442e-05 0.000000000000000000e+00 2.681809444275655955e-05 0.000000000000000000e+00
8.410739603159360200e+00 3.681017102568092669e-01 0.000000000000000000e+00 5.517435207731321705e-05 0.000000000000000000e+00 2.684362246638374904e-05 0.000000000000000000e+00
8.410739603159360200e+00 3.681017102568092669e-01 0.000000000000000000e+00 5.517435207731321705e-05 0.000000000000000000e+00 2.684362246638374904e-05 0.000000000000000000e+00
8.436184094273642131e+00 3.681031468136793938e-01 0.000000000000000000e+00 5.524291135427838371e-05 0.000000000000000000e+00 2.686901154096230787e-05 0.000000000000000000e+00
8.495138444141865364e+00 3.681064804915257227e-01 0.000000000000000000e+00 5.540206140702512433e-05 0.000000000000000000e+00 2.692730902384483479e-05 0.000000000000000000e+00
8.585279796973505739e+00 3.681115917775925062e-01 0.000000000000000000e+00 5.564621067887307845e-05 0.000000000000000000e+00 2.701504167779915949e-05 0.000000000000000000e+00
8.703342775703012180e+00 3.681183121265356184e-01 0.000000000000000000e+00 5.596746077005625283e-05 0.000000000000000000e+00 2.712744436713997748e-05 0.000000000000000000e+00
8.845058936420674200e+00 3.681264176510120056e-01 0.000000000000000000e+00 5.635526879998968412e-05 0.000000000000000000e+00 2.725873338487408927e-05 0.000000000000000000e+00
9.005305892631936260e+00 3.681356342321658315e-01 0.000000000000000000e+00 5.679665153192201736e-05 0.000000000000000000e+00 2.740259564988229218e-05 0.000000000000000000e+00
9.178291745554348680e+00 3.681456447011163258e-01 0.000000000000000000e+00 5.727649548983893577e-05 0.000000000000000000e+00 2.755265339304128130e-05 0.000000000000000000e+00
9.357764256598006369e+00 3.681560979919937249e-01 0.000000000000000000e+00 5.777797828862076565e-05 0.000000000000000000e+00 2.770284726876517744e-05 0.000000000000000000e+00
9.537236767641664059e+00 3.681666202479189631e-01 0.000000000000000000e+00 5.828310559764744497e-05 0.000000000000000000e+00 2.784770931417495117e-05 0.000000000000000000e+00
9.710222620564076479e+00 3.681768277156783897e-01 0.000000000000000000e+00 5.877335386030274177e-05 0.000000000000000000e+00 2.798252174016846791e-05 0.000000000000000000e+00
9.870469576775338538e+00 3.681863410671945558e-01 0.000000000000000000e+00 5.923039261805650868e-05 0.000000000000000000e+00 2.810337577206531464e-05 0.000000000000000000e+00
1.001218573749300056e+01 3.681948005761958020e-01 0.000000000000000000e+00 5.963684694079470080e-05 0.000000000000000000e+00 2.820715498328596994e-05 0.000000000000000000e+00
1.013024871622251055e+01 3.682018813897798282e-01 0.000000000000000000e+00 5.997705283968215897e-05 0.000000000000000000e+00 2.829147052426336827e-05 0.000000000000000000e+00
1.022039006905414915e+01 3.682073079854327746e-01 0.000000000000000000e+00 6.023775661105404129e-05 0.000000000000000000e+00 2.835457334687067199e-05 0.000000000000000000e+00
1.027934441892237061e+01 3.682108666502665884e-01 0.000000000000000000e+00 6.040870356256358421e-05 0.000000000000000000e+00 2.839526144721675940e-05 0.000000000000000000e+00
1.030478891003665076e+01 3.682124048942641004e-01 0.000000000000000000e+00 6.048259040998771275e-05 0.000000000000000000e+00 2.841268206954823271e-05 0.000000000000000000e+00
1.030478891003665076e+01 3.682124048767063673e-01 0.000000000000000000e+00 -3.657459402869975285e-02 0.000000000000000000e+00 2.841268207257001936e-05 0.000000000000000000e+00
1.033023340115092914e+01 3.672839838485927877e-01 0.000000000000000000e+00 -3.641293293171532497e-02 0.000000000000000000e+00 2.843001892868609305e-05 0.000000000000000000e+00
1.038918775101915948e+01 3.651496462073019478e-01 0.000000000000000000e+00 -3.604226024126952477e-02 0.000000000000000000e+00 2.846986913113343129e-05 0.000000000000000000e+00
1.047932910385079985e+01 3.619309374614331221e-01 0.000000000000000000e+00 -3.548583016200850676e-02 0.000000000000000000e+00 2.852995124934599018e-05 0.000000000000000000e+00
1.059739208258029919e+01 3.577951595620772474e-01 0.000000000000000000e+00 -3.477543151926201087e-02 0.000000000000000000e+00 2.860712553413549453e-05 0.000000000000000000e+00
1.073910824329795943e+01 3.529470737223765475e-01 0.000000000000000000e+00 -3.394929245000226359e-02 0.000000000000000000e+00 2.869755202621500549e-05 0.000000000000000000e+00
1.089935519950923037e+01 3.476126365591803435e-01 0.000000000000000000e+00 -3.304862601428356500e-02 0.000000000000000000e+00 2.879699767178121793e-05 0.000000000000000000e+00
1.107234105243163924e+01 3.420232072998822259e-01 0.000000000000000000e+00 -3.211442130397233058e-02 0.000000000000000000e+00 2.890113428722446427e-05 0.000000000000000000e+00
1.125181356347530048e+01 3.364021148168924724e-01 0.000000000000000000e+00 -3.118488511019702064e-02 0.000000000000000000e+00 2.900579160968914317e-05 0.000000000000000000e+00
1.143128607451894929e+01 3.309546042204796201e-01 0.000000000000000000e+00 -3.029372142908602974e-02 0.000000000000000000e+00 2.910714606870164672e-05 0.000000000000000000e+00
1.160427192744137059e+01 3.258614226233101929e-01 0.000000000000000000e+00 -2.946925041765585326e-02 0.000000000000000000e+00 2.920184030881935422e-05 0.000000000000000000e+00
1.176451888365263088e+01 3.212757110837919927e-01 0.000000000000000000e+00 -2.873423626665578753e-02 0.000000000000000000e+00 2.928703975167117198e-05 0.000000000000000000e+00
1.190623504437028934e+01 3.173225068958888118e-01 0.000000000000000000e+00 -2.810622584436947569e-02 0.000000000000000000e+00 2.936043941958466289e-05 0.000000000000000000e+00
1.202429802309979934e+01 3.141000192255101742e-01 0.000000000000000000e+00 -2.759818826139349632e-02 0.000000000000000000e+00 2.942023698951256442e-05 0.000000000000000000e+00
1.211443937593143971e+01 3.116818734845878680e-01 0.000000000000000000e+00 -2.721927168873515893e-02 0.000000000000000000e+00 2.946508750145731610e-05 0.000000000000000000e+00
1.217339372579965939e+01 3.101197318127272839e-01 0.000000000000000000e+00 -2.697554948817187243e-02 0.000000000000000000e+00 2.949405120949582403e-05 0.000000000000000000e+00
1.219883821691393955e+01 3.094501881333244775e-01 0.000000000000000000e+00 -2.687134458862441497e-02 0.000000000000000000e+00 2.950646276064764723e-05 0.000000000000000000e+00
1.219883821691393955e+01 3.094501881333244775e-01 0.000000000000000000e+00 -2.687134458862441497e-02 0.000000000000000000e+00 2.950646276064764723e-05 0.000000000000000000e+00
1.222428270802821970e+01 3.087834374939554816e-01 0.000000000000000000e+00 -2.676772738032493285e-02 0.000000000000000000e+00 2.951882104086958039e-05 0.000000000000000000e+00
1.228323705789645004e+01 3.072492338653763366e-01 0.000000000000000000e+00 -2.652988379492104629e-02 0.000000000000000000e+00 2.954725189411536862e-05 0.000000000000000000e+00
1.237337841072809042e+01 3.049318041085889996e-01 0.000000000000000000e+00 -2.617216091686678722e-02 0.000000000000000000e+00 2.959018148112969101e-05 0.000000000000000000e+00
1.249144138945758975e+01 3.019473981259379047e-01 0.000000000000000000e+00 -2.571423180950786758e-02 0.000000000000000000e+00 2.964543821712032441e-05 0.000000000000000000e+00
1.263315755017526065e+01 2.984392789069743590e-01 0.000000000000000000e+00 -2.517993077034091920e-02 0.000000000000000000e+00 2.971034905580996734e-05 0.000000000000000000e+00
1.279340450638651916e+01 2.945669537468993959e-01 0.000000000000000000e+00 -2.459520562723123069e-02 0.000000000000000000e+00 2.978194277551680539e-05 0.000000000000000000e+00
1.296639035930892980e+01 2.904955094114154424e-01 0.000000000000000000e+00 -2.398617804345487547e-02 0.000000000000000000e+00 2.985715095608263458e-05 0.000000000000000000e+00
1.314586287035258927e+01 2.863862953307797499e-01 0.000000000000000000e+00 -2.337755229363321086e-02 0.000000000000000000e+00 2.993298305333357492e-05 0.000000000000000000e+00
1.332533538139625051e+01 2.823896702812399018e-01 0.000000000000000000e+00 -2.279149306439417003e-02 0.000000000000000000e+00 3.000666196024411348e-05 0.000000000000000000e+00
1.349832123431865938e+01 2.786400594415252563e-01 0.000000000000000000e+00 -2.224698864180369925e-02 0.000000000000000000e+00 3.007571534670829347e-05 0.000000000000000000e+00
1.365856819052991966e+01 2.752531860715393686e-01 0.000000000000000000e+00 -2.175963806817742680e-02 0.000000000000000000e+00 3.013802537129306062e-05 0.000000000000000000e+00
1.380028435124757991e+01 2.723250894351788021e-01 0.000000000000000000e+00 -2.134175703667471127e-02 0.000000000000000000e+00 3.019184421262053824e-05 0.000000000000000000e+00
1.391834732997708990e+01 2.699324220724926282e-01 0.000000000000000000e+00 -2.100268456946044818e-02 0.000000000000000000e+00 3.023578518407431855e-05 0.000000000000000000e+00
1.400848868280873027e+01 2.681335141025469326e-01 0.000000000000000000e+00 -2.074918247857270026e-02 0.000000000000000000e+00 3.026879935995233745e-05 0.000000000000000000e+00
1.406744303267694995e+01 2.669698177014594442e-01 0.000000000000000000e+00 -2.058584961984011308e-02 0.000000000000000000e+00 3.029014533809472182e-05 0.000000000000000000e+00
1.409288752379123011e+01 2.664706669157431707e-01 0.000000000000000000e+00 -2.051594853560376186e-02 0.000000000000000000e+00 3.029929879425294969e-05 0.000000000000000000e+00
1.409288752379123011e+01 2.664706669157431707e-01 0.000000000000000000e+00 -2.051594853560376186e-02 0.000000000000000000e+00 3.029929879425294969e-05 0.000000000000000000e+00
1.411833201490551915e+01 2.659733691812566359e-01 0.000000000000000000e+00 -2.044640155978769830e-02 0.000000000000000000e+00 3.030841670306134417e-05 0.000000000000000000e+00
1.417728636477374060e+01 2.648282082335525200e-01 0.000000000000000000e+00 -2.028661078051367112e-02 0.000000000000000000e+00 3.032940711311744912e-05 0.000000000000000000e+00
1.426742771760537920e+01 2.630961181771965252e-01 0.000000000000000000e+00 -2.004587819834007315e-02 0.000000000000000000e+00 3.036113951510451627e-05 0.000000000000000000e+00
1.438549069633488919e+01 2.608613889553569321e-01 0.000000000000000000e+00 -1.973699393312165762e-02 0.000000000000000000e+00 3.040205076463759173e-05 0.000000000000000000e+00
1.452720685705254944e+01 2.582285060058433501e-01 0.000000000000000000e+00 -1.937555792071200822e-02 0.000000000000000000e+00 3.045020660454804650e-05 0.000000000000000000e+00
1.468745381326380972e+01 2.553146794248363216e-01 0.000000000000000000e+00 -1.897870314845123002e-02 0.000000000000000000e+00 3.050344250200779636e-05 0.000000000000000000e+00
1.486043966618622036e+01 2.522423164910315707e-01 0.000000000000000000e+00 -1.856386392577199368e-02 0.000000000000000000e+00 3.055950513440831775e-05 0.000000000000000000e+00
1.503991217722987983e+01 2.491322940466553781e-01 0.000000000000000000e+00 -1.814773904397675927e-02 0.000000000000000000e+00 3.061617825833348847e-05 0.000000000000000000e+00
1.521938468827353930e+01 2.460985483594862189e-01 0.000000000000000000e+00 -1.774553021629596966e-02 0.000000000000000000e+00 3.067138309867623410e-05 0.000000000000000000e+00
1.539237054119594994e+01 2.432441972760263638e-01 0.000000000000000000e+00 -1.737047477772247009e-02 0.000000000000000000e+00 3.072324917402196855e-05 0.000000000000000000e+00
1.555261749740721022e+01 2.406591520407415363e-01 0.000000000000000000e+00 -1.703364369542223825e-02 0.000000000000000000e+00 3.077015641543461233e-05 0.000000000000000000e+00
1.569433365812487047e+01 2.384189956030405289e-01 0.000000000000000000e+00 -1.674394671183470837e-02 0.000000000000000000e+00 3.081075292931542372e-05 0.000000000000000000e+00
1.581239663685438046e+01 2.365848084293132314e-01 0.000000000000000000e+00 -1.650827533315070081e-02 0.000000000000000000e+00 3.084395464019206091e-05 0.000000000000000000e+00
1.590253798968602084e+01 2.352036034750347171e-01 0.000000000000000000e+00 -1.633171741381038780e-02 0.000000000000000000e+00 3.086893347359425624e-05 0.000000000000000000e+00
1.596149233955424052e+01 2.343091102462065978e-01 0.000000000000000000e+00 -1.621779405482223421e-02 0.000000000000000000e+00 3.088509932829697761e-05 0.000000000000000000e+00
1.598693683066852955e+01 2.339251874817604437e-01 0.000000000000000000e+00 -1.616899852556744066e-02 0.000000000000000000e+00 3.089203515881885795e-05 0.000000000000000000e+00
1.598693683066852955e+01 2.339251874817604437e-01 0.000000000000000000e+00 -1.616899852556744066e-02 0.000000000000000000e+00 3.089203515881885795e-05 0.000000000000000000e+00
1.601238132178281148e+01 2.335425447203665350e-01 0.000000000000000000e+00 -1.612042622499575487e-02 0.000000000000000000e+00 3.089894625487544177e-05 0.000000000000000000e+00
1.607133567165103116e+01 2.326608548641355134e-01 0.000000000000000000e+00 -1.600873576374454987e-02 0.000000000000000000e+00 3.091486470050132206e-05 0.000000000000000000e+00
1.616147702448267154e+01 2.313258033416798476e-01 0.000000000000000000e+00 -1.584022738863606963e-02 0.000000000000000000e+00 3.093895167932733789e-05 0.000000000000000000e+00
1.627954000321217976e+01 2.296007028084005586e-01 0.000000000000000000e+00 -1.562358426616870452e-02 0.000000000000000000e+00 3.097004544921366402e-05 0.000000000000000000e+00
1.642125616392984000e+01 2.275644230448904959e-01 0.000000000000000000e+00 -1.536945992487039232e-02 0.000000000000000000e+00 3.100670240010213965e-05 0.000000000000000000e+00
1.658150312014110028e+01 2.253059991278975327e-01 0.000000000000000000e+00 -1.508964504599064060e-02 0.000000000000000000e+00 3.104729840804669542e-05 0.000000000000000000e+00
1.675448897306350915e+01 2.229191167807410001e-01 0.000000000000000000e+00 -1.479625029220429933e-02 0.000000000000000000e+00 3.109013202075584093e-05 0.000000000000000000e+00
1.693396148410716862e+01 2.204970872550398309e-01 0.000000000000000000e+00 -1.450100267574837634e-02 0.000000000000000000e+00 3.113351783424790902e-05 0.000000000000000000e+00
1.711343399515083163e+01 2.181286965500504049e-01 0.000000000000000000e+00 -1.421471071410282741e-02 0.000000000000000000e+00 3.117586272009430297e-05 0.000000000000000000e+00
1.728641984807324050e+01 2.158951098542314095e-01 0.000000000000000000e+00 -1.394691575512773882e-02 0.000000000000000000e+00 3.121572147755125737e-05 0.000000000000000000e+00
1.744666680428450078e+01 2.138678326372881189e-01 0.000000000000000000e+00 -1.370571611255537101e-02 0.000000000000000000e+00 3.125183195480490917e-05 0.000000000000000000e+00
1.758838296500216103e+01 2.121075976290217879e-01 0.000000000000000000e+00 -1.349773065721768077e-02 0.000000000000000000e+00 3.128313226354874458e-05 0.000000000000000000e+00
1.770644594373166925e+01 2.106639703667166352e-01 0.000000000000000000e+00 -1.332815952623701145e-02 0.000000000000000000e+00 3.130876423048598858e-05 0.000000000000000000e+00
1.779658729656330962e+01 2.095754427929367170e-01 0.000000000000000000e+00 -1.320089977511634989e-02 0.000000000000000000e+00 3.132806772343072035e-05 0.000000000000000000e+00
1.785554164643153996e+01 2.088698356478855267e-01 0.000000000000000000e+00 -1.311868384536307545e-02 0.000000000000000000e+00 3.134056959121786170e-05 0.000000000000000000e+00
1.788098613754581834e+01 2.085668252488987462e-01 0.000000000000000000e+00 -1.308344456482757844e-02 0.000000000000000000e+00 3.134593558337354241e-05 0.000000000000000000e+00
1.788098613754581834e+01 2.085668252488987462e-01 0.000000000000000000e+00 -1.308344456482757844e-02 0.000000000000000000e+00 3.134593558337354241e-05 0.000000000000000000e+00
1.790643062866010027e+01 2.082647299846066280e-01 0.000000000000000000e+00 -1.304835175731433074e-02 0.000000000000000000e+00 3.135128373284015236e-05 0.000000000000000000e+00
1.796538497852831995e+01 2.075682765359558035e-01 0.000000000000000000e+00 -1.296760094973789870e-02 0.000000000000000000e+00 3.136360712806825592e-05 0.000000000000000000e+00
1.805552633135996032e+01 2.065127454857846601e-01 0.000000000000000000e+00 -1.284562279573438909e-02 0.000000000000000000e+00 3.138226727919438114e-05 0.000000000000000000e+00
1.817358931008946854e+01 2.051471039046969258e-01 0.000000000000000000e+00 -1.268853595720742695e-02 0.000000000000000000e+00 3.140637875142033355e-05 0.000000000000000000e+00
1.831530547080712878e+01 2.035326055367636944e-01 0.000000000000000000e+00 -1.250388629462293767e-02 0.000000000000000000e+00 3.143483766497057479e-05 0.000000000000000000e+00
1.847555242701838907e+01 2.017387678665088779e-01 0.000000000000000000e+00 -1.230008097129692626e-02 0.000000000000000000e+00 3.146639694973263248e-05 0.000000000000000000e+00
1.864853827994080859e+01 1.998392037454831960e-01 0.000000000000000000e+00 -1.208582525258248240e-02 0.000000000000000000e+00 3.149974379564634869e-05 0.000000000000000000e+00
1.882801079098446095e+01 1.979077596960461816e-01 0.000000000000000000e+00 -1.186962788425821071e-02 0.000000000000000000e+00 3.153357070258340809e-05 0.000000000000000000e+00
1.900748330202812042e+01 1.960152539561597906e-01 0.000000000000000000e+00 -1.165941406665084792e-02 0.000000000000000000e+00 3.156663453743967755e-05 0.000000000000000000e+00
1.918046915495052929e+01 1.942269650290411875e-01 0.000000000000000000e+00 -1.146226073329585822e-02 0.000000000000000000e+00 3.159780075871790160e-05 0.000000000000000000e+00
1.934071611116178957e+01 1.926008924971804315e-01 0.000000000000000000e+00 -1.128424841719902726e-02 0.000000000000000000e+00 3.162607248647440858e-05 0.000000000000000000e+00
1.948243227187944981e+01 1.911867129037339852e-01 0.000000000000000000e+00 -1.113040998147826581e-02 0.000000000000000000e+00 3.165060604666665808e-05 0.000000000000000000e+00
1.960049525060896158e+01 1.900252923073300904e-01 0.000000000000000000e+00 -1.100474943307814743e-02 0.000000000000000000e+00 3.167071584596027411e-05 0.000000000000000000e+00
1.969063660344059841e+01 1.891485942319826030e-01 0.000000000000000000e+00 -1.091030308299072507e-02 0.000000000000000000e+00 3.168587191870981206e-05 0.000000000000000000e+00
1.974959095330882164e+01 1.885798568191294766e-01 0.000000000000000000e+00 -1.084922152876446368e-02 0.000000000000000000e+00 3.169569289716867179e-05 0.000000000000000000e+00
1.977503544442310002e+01 1.883355155670342895e-01 0.000000000000000000e+00 -1.082302520840463557e-02 0.000000000000000000e+00 3.169990945658972460e-05 0.000000000000000000e+00
1.977503544442310002e+01 1.883355155670342895e-01 0.000000000000000000e+00 -1.082302520840463557e-02 0.000000000000000000e+00 3.169990945658972460e-05 0.000000000000000000e+00
1.980047993553738905e+01 1.880918481031944312e-01 0.000000000000000000e+00 -1.079692842246774039e-02 0.000000000000000000e+00 3.170411273875228011e-05 0.000000000000000000e+00
1.985943428540560873e+01 1.875298502795159084e-01 0.000000000000000000e+00 -1.073684247391977313e-02 0.000000000000000000e+00 3.171380091110649147e-05 0.000000000000000000e+00
1.994957563823724911e+01 1.866774461938669194e-01 0.000000000000000000e+00 -1.064598509392929680e-02 0.000000000000000000e+00 3.172847826341402546e-05 0.000000000000000000e+00
2.006763861696676088e+01 1.855734410821722746e-01 0.000000000000000000e+00 -1.052880745695912966e-02 0.000000000000000000e+00 3.174745668336393555e-05 0.000000000000000000e+00
2.020935477768442112e+01 1.842665491263759947e-01 0.000000000000000000e+00 -1.039082364926996634e-02 0.000000000000000000e+00 3.176987616561035367e-05 0.000000000000000000e+00
2.036960173389568141e+01 1.828123066185195211e-01 0.000000000000000000e+00 -1.023821279259759173e-02 0.000000000000000000e+00 3.179476212691673880e-05 0.000000000000000000e+00
2.054258758681809027e+01 1.812698371263391506e-01 0.000000000000000000e+00 -1.007741787365064833e-02 0.000000000000000000e+00 3.182108490522421462e-05 0.000000000000000000e+00
2.072206009786174974e+01 1.796988117719767186e-01 0.000000000000000000e+00 -9.914787295484764687e-03 0.000000000000000000e+00 3.184781492499451892e-05 0.000000000000000000e+00
2.090153260890540921e+01 1.781568326500023169e-01 0.000000000000000000e+00 -9.756287395593317424e-03 0.000000000000000000e+00 3.187396918152841897e-05 0.000000000000000000e+00
2.107451846182782162e+01 1.766973650153958741e-01 0.000000000000000000e+00 -9.607298006570228963e-03 0.000000000000000000e+00 3.189864669634506663e-05 0.000000000000000000e+00
2.123476541803907836e+01 1.753682486253633210e-01 0.000000000000000000e+00 -9.472489133452284549e-03 0.000000000000000000e+00 3.192105247536858184e-05 0.000000000000000000e+00
2.137648157875673860e+01 1.742107430277969327e-01 0.000000000000000000e+00 -9.355766789882815140e-03 0.000000000000000000e+00 3.194051100992011138e-05 0.000000000000000000e+00
2.149454455748625037e+01 1.732590123776488467e-01 0.000000000000000000e+00 -9.260270535470785033e-03 0.000000000000000000e+00 3.195647135862739245e-05 0.000000000000000000e+00
2.158468591031789074e+01 1.725399343626418946e-01 0.000000000000000000e+00 -9.188403946972687267e-03 0.000000000000000000e+00 3.196850629572554837e-05 0.000000000000000000e+00
2.164364026018611042e+01 1.720731428043449363e-01 0.000000000000000000e+00 -9.141883252274001989e-03 0.000000000000000000e+00 3.197630761374618217e-05 0.000000000000000000e+00
2.166908475130039946e+01 1.718725253847936119e-01 0.000000000000000000e+00 -9.121921504582783391e-03 0.000000000000000000e+00 3.197965772015249106e-05 0.000000000000000000e+00
2.166908475130039946e+01 1.718725253847936119e-01 0.000000000000000000e+00 -9.121921504582783391e-03 0.000000000000000000e+00 3.197965772015249106e-05 0.000000000000000000e+00
2.169452924241468139e+01 1.716724167233381337e-01 0.000000000000000000e+00 -9.102029491066214797e-03 0.000000000000000000e+00 3.198299767795228967e-05 0.000000000000000000e+00
2.175348359228290107e+01 1.712107140206473865e-01 0.000000000000000000e+00 -9.056206318493404198e-03 0.000000000000000000e+00 3.199069748458032255e-05 0.000000000000000000e+00
2.184362494511454145e+01 1.705099794361736032e-01 0.000000000000000000e+00 -8.986854123209889189e-03 0.000000000000000000e+00 3.200236651225764632e-05 0.000000000000000000e+00
2.196168792384404966e+01 1.696015996364510225e-01 0.000000000000000000e+00 -8.897300642047790281e-03 0.000000000000000000e+00 3.201746211926449450e-05 0.000000000000000000e+00
2.210340408456170991e+01 1.685250953046487088e-01 0.000000000000000000e+00 -8.791684402434012460e-03 0.000000000000000000e+00 3.203530491182190006e-05 0.000000000000000000e+00
2.226365104077297019e+01 1.673256957481812635e-01 0.000000000000000000e+00 -8.674666475376825725e-03 0.000000000000000000e+00 3.205512330003862658e-05 0.000000000000000000e+00
2.243663689369537906e+01 1.660517719129231684e-01 0.000000000000000000e+00 -8.551136456660961629e-03 0.000000000000000000e+00 3.207610005890125770e-05 0.000000000000000000e+00
2.261610940473903852e+01 1.647523943997467877e-01 0.000000000000000000e+00 -8.425945757318037063e-03 0.000000000000000000e+00 3.209741584301479547e-05 0.000000000000000000e+00
2.279558191578270154e+01 1.634751972988674751e-01 0.000000000000000000e+00 -8.303689114911057614e-03 0.000000000000000000e+00 3.211828621675971783e-05 0.000000000000000000e+00
2.296856776870511041e+01 1.622646529923018055e-01 0.000000000000000000e+00 -8.188544139971599273e-03 0.000000000000000000e+00 3.213799025601455863e-05 0.000000000000000000e+00
2.312881472491637069e+01 1.611607910948751055e-01 0.000000000000000000e+00 -8.084168845429262271e-03 0.000000000000000000e+00 3.215589021682070968e-05 0.000000000000000000e+00
2.327053088563403094e+01 1.601983358950689607e-01 0.000000000000000000e+00 -7.993649771022388537e-03 0.000000000000000000e+00 3.217144295554984473e-05 0.000000000000000000e+00
2.338859386436353915e+01 1.594061967493846099e-01 0.000000000000000000e+00 -7.919489023648924875e-03 0.000000000000000000e+00 3.218420460467100370e-05 0.000000000000000000e+00
2.347873521719517953e+01 1.588072272178018551e-01 0.000000000000000000e+00 -7.863617214949785231e-03 0.000000000000000000e+00 3.219383040865534702e-05 0.000000000000000000e+00
2.353768956706340987e+01 1.584181871602669267e-01 0.000000000000000000e+00 -7.827421943400032778e-03 0.000000000000000000e+00 3.220007135301040409e-05 0.000000000000000000e+00
2.356313405817768825e+01 1.582509331111796869e-01 0.000000000000000000e+00 -7.811883919083686262e-03 0.000000000000000000e+00 3.220275169527509769e-05 0.000000000000000000e+00
2.356313405817768825e+01 1.582509331111797701e-01 0.000000000000000000e+00 -7.811883919083693201e-03 0.000000000000000000e+00 3.220275169527513835e-05 0.000000000000000000e+00
2.358857854929197018e+01 1.580523982560176344e-01 0.000000000000000000e+00 -7.793457734497900163e-03 0.000000000000000000e+00 3.220593118346052713e-05 0.000000000000000000e+00
2.364753289916018986e+01 1.575941930454840545e-01 0.000000000000000000e+00 -7.751005337755841572e-03 0.000000000000000000e+00 3.221326026578465716e-05 0.000000000000000000e+00
2.373767425199183023e+01 1.568984092712853717e-01 0.000000000000000000e+00 -7.686739123535932076e-03 0.000000000000000000e+00 3.222436524261764634e-05 0.000000000000000000e+00
2.385573723072133845e+01 1.559958031986978244e-01 0.000000000000000000e+00 -7.603725454147459636e-03 0.000000000000000000e+00 3.223872681977611612e-05 0.000000000000000000e+00
2.399745339143899869e+01 1.549251941757832929e-01 0.000000000000000000e+00 -7.505782299102780643e-03 0.000000000000000000e+00 3.225569492684478978e-05 0.000000000000000000e+00
2.415770034765025898e+01 1.537311446636455692e-01 0.000000000000000000e+00 -7.397216034564109248e-03 0.000000000000000000e+00 3.227453160101806433e-05 0.000000000000000000e+00
2.433068620057267140e+01 1.524614831951364158e-01 0.000000000000000000e+00 -7.282551634007007439e-03 0.000000000000000000e+00 3.229445535828806297e-05 0.000000000000000000e+00
2.451015871161633086e+01 1.511648627496109953e-01 0.000000000000000000e+00 -7.166281060579258663e-03 0.000000000000000000e+00 3.231466883482093098e-05 0.000000000000000000e+00
2.468963122265999033e+01 1.498882450571258351e-01 0.000000000000000000e+00 -7.052624236888517008e-03 0.000000000000000000e+00 3.233430211518068388e-05 0.000000000000000000e+00
2.486261707558240985e+01 1.486743975767284287e-01 0.000000000000000000e+00 -6.945311802781637192e-03 0.000000000000000000e+00 3.235226147127672982e-05 0.000000000000000000e+00
2.502286403179367014e+01 1.475606728216024843e-01 0.000000000000000000e+00 -6.847499357581374180e-03 0.000000000000000000e+00 3.236726000333758918e-05 0.000000000000000000e+00
2.516458019251133038e+01 1.465799515461304048e-01 0.000000000000000000e+00 -6.761881122193883452e-03 0.000000000000000000e+00 3.237824945382132211e-05 0.000000000000000000e+00
2.528264317124083860e+01 1.457623700837142322e-01 0.000000000000000000e+00 -6.690871834649201461e-03 0.000000000000000000e+00 3.238496682578928922e-05 0.000000000000000000e+00
2.537278452407247897e+01 1.451357420217565530e-01 0.000000000000000000e+00 -6.636672607408064528e-03 0.000000000000000000e+00 3.238812498640242850e-05 0.000000000000000000e+00
2.543173887394069865e+01 1.447240066829088845e-01 0.000000000000000000e+00 -6.601166420702984060e-03 0.000000000000000000e+00 3.238908336637426029e-05 0.000000000000000000e+00
2.545718336505498058e+01 1.445457100152604812e-01 0.000000000000000000e+00 -6.585817038711939790e-03 0.000000000000000000e+00 3.238919619437718230e-05 0.000000000000000000e+00
2.545718336505498058e+01 1.445457100152604812e-01 0.000000000000000000e+00 -6.585817038711939790e-03 0.000000000000000000e+00 3.238919619437718230e-05 0.000000000000000000e+00
2.548262785616925896e+01 1.443670073283218336e-01 0.000000000000000000e+00 -6.570448529950907376e-03 0.000000000000000000e+00 3.238911601317570767e-05 0.000000000000000000e+00
2.554158220603748930e+01 1.439512115470358566e-01 0.000000000000000000e+00 -6.534751205393780210e-03 0.000000000000000000e+00 3.238814368833235291e-05 0.000000000000000000e+00
2.563172355886912968e+01 1.433099581989191462e-01 0.000000000000000000e+00 -6.479865631793250112e-03 0.000000000000000000e+00 3.238434033512547903e-05 0.000000000000000000e+00
2.574978653759863079e+01 1.424578737930364269e-01 0.000000000000000000e+00 -6.407249889822590888e-03 0.000000000000000000e+00 3.237459138725281329e-05 0.000000000000000000e+00
2.589150269831629103e+01 1.414128512136708926e-01 0.000000000000000000e+00 -6.318682534341104294e-03 0.000000000000000000e+00 3.235474838601903831e-05 0.000000000000000000e+00
2.605174965452755131e+01 1.401963489963854170e-01 0.000000000000000000e+00 -6.216263712547184968e-03 0.000000000000000000e+00 3.232014799122120865e-05 0.000000000000000000e+00
2.622473550744997084e+01 1.388352415987992861e-01 0.000000000000000000e+00 -6.102541762838985945e-03 0.000000000000000000e+00 3.226657078009040704e-05 0.000000000000000000e+00
2.640420801849363031e+01 1.373645939919040104e-01 0.000000000000000000e+00 -5.980705857491210205e-03 0.000000000000000000e+00 3.219146879140913131e-05 0.000000000000000000e+00
2.658368052953728977e+01 1.358299425209600897e-01 0.000000000000000000e+00 -5.854723074908930666e-03 0.000000000000000000e+00 3.209509241559780842e-05 0.000000000000000000e+00
2.675666638245969864e+01 1.342876780732254194e-01 0.000000000000000000e+00 -5.729310907798807959e-03 0.000000000000000000e+00 3.198112438458480323e-05 0.000000000000000000e+00
2.691691333867095892e+01 1.328028872749486000e-01 0.000000000000000000e+00 -5.609711145593797299e-03 0.000000000000000000e+00 3.185659484809632544e-05 0.000000000000000000e+00
2.705862949938861917e+01 1.314449770934316419e-01 0.000000000000000000e+00 -5.501314945290324519e-03 0.000000000000000000e+00 3.173109633964916066e-05 0.000000000000000000e+00
2.717669247811813094e+01 1.302820547378364391e-01 0.000000000000000000e+00 -5.409234135396940799e-03 0.000000000000000000e+00 3.161551043609982210e-05 0.000000000000000000e+00
2.726683383094977131e+01 1.293751711812671235e-01 0.000000000000000000e+00 -5.337908952368804194e-03 0.000000000000000000e+00 3.152053617792665262e-05 0.000000000000000000e+00
2.732578818081799099e+01 1.287733274511540793e-01 0.000000000000000000e+00 -5.290808768193237463e-03 0.000000000000000000e+00 3.145529104911851792e-05 0.000000000000000000e+00
2.735123267193226937e+01 1.285114735379702389e-01 0.000000000000000000e+00 -5.270374528674635732e-03 0.000000000000000000e+00 3.142637083347582489e-05 0.000000000000000000e+00
2.735123267193226937e+01 1.285114735379702389e-01 0.000000000000000000e+00 -5.270374528674635732e-03 0.000000000000000000e+00 3.142637083347582489e-05 0.000000000000000000e+00
2.737667716304655130e+01 1.282483657742617411e-01 0.000000000000000000e+00 -5.249878152817792631e-03 0.000000000000000000e+00 3.139699374831732059e-05 0.000000000000000000e+00
2.743563151291478164e+01 1.276339830529615860e-01 0.000000000000000000e+00 -5.202156635127406711e-03 0.000000000000000000e+00 3.132717955671461676e-05 0.000000000000000000e+00
2.752577286574641846e+01 1.266819412076179152e-01 0.000000000000000000e+00 -5.128594580311690403e-03 0.000000000000000000e+00 3.121574725772294917e-05 0.000000000000000000e+00
2.764383584447591957e+01 1.254125469213547561e-01 0.000000000000000000e+00 -5.031244919447317582e-03 0.000000000000000000e+00 3.106133930635802080e-05 0.000000000000000000e+00
2.778555200519357982e+01 1.238566409514046118e-01 0.000000000000000000e+00 -4.913070467833916856e-03 0.000000000000000000e+00 3.086357757284721417e-05 0.000000000000000000e+00
2.794579896140485076e+01 1.220573716395770142e-01 0.000000000000000000e+00 -4.777995322319174114e-03 0.000000000000000000e+00 3.062407659550735867e-05 0.000000000000000000e+00
2.811878481432725962e+01 1.200709154745799173e-01 0.000000000000000000e+00 -4.630849865029090275e-03 0.000000000000000000e+00 3.034727589772018985e-05 0.000000000000000000e+00
2.829825732537091909e+01 1.179656500957569076e-01 0.000000000000000000e+00 -4.477186453902322165e-03 0.000000000000000000e+00 3.004089082388176985e-05 0.000000000000000000e+00
2.847772983641457145e+01 1.158196426043928834e-01 0.000000000000000000e+00 -4.322980275901030893e-03 0.000000000000000000e+00 2.971586594243662163e-05 0.000000000000000000e+00
2.865071568933698032e+01 1.137167497293634227e-01 0.000000000000000000e+00 -4.174266046209213800e-03 0.000000000000000000e+00 2.938583286633002811e-05 0.000000000000000000e+00
2.881096264554824060e+01 1.117419280647450885e-01 0.000000000000000000e+00 -4.036777654896490410e-03 0.000000000000000000e+00 2.906617688609990316e-05 0.000000000000000000e+00
2.895267880626591150e+01 1.099764283488262884e-01 0.000000000000000000e+00 -3.915649459808570772e-03 0.000000000000000000e+00 2.877287286924244962e-05 0.000000000000000000e+00
2.907074178499540906e+01 1.084934258296976067e-01 0.000000000000000000e+00 -3.815212235722432142e-03 0.000000000000000000e+00 2.852125653731413761e-05 0.000000000000000000e+00
2.916088313782704944e+01 1.073544229684642859e-01 0.000000000000000000e+00 -3.738887101561155519e-03 0.000000000000000000e+00 2.832486956401753420e-05 0.000000000000000000e+00
2.921983748769527978e+01 1.066065898076067470e-01 0.000000000000000000e+00 -3.689160310804893029e-03 0.000000000000000000e+00 2.819448412201410543e-05 0.000000000000000000e+00
2.924528197880956171e+01 1.062831575677348206e-01 0.000000000000000000e+00 -3.667748763781585476e-03 0.000000000000000000e+00 2.813774447619886719e-05 0.000000000000000000e+00
2.924528197880956171e+01 1.062831575677348206e-01 0.000000000000000000e+00 -3.667748763781585476e-03 0.000000000000000000e+00 2.813774447619886719e-05 0.000000000000000000e+00
2.927072646992384009e+01 1.059593357293771854e-01 0.000000000000000000e+00 -3.646368906105985040e-03 0.000000000000000000e+00 2.808072746955265082e-05 0.000000000000000000e+00
2.932968081979205976e+01 1.052076047510333429e-01 0.000000000000000000e+00 -3.596958962750283068e-03 0.000000000000000000e+00 2.794756760940784849e-05 0.000000000000000000e+00
2.941982217262370014e+01 1.040545387989810222e-01 0.000000000000000000e+00 -3.521774053715162178e-03 0.000000000000000000e+00 2.774117816027037801e-05 0.000000000000000000e+00
2.953788515135320836e+01 1.025382210448945591e-01 0.000000000000000000e+00 -3.424019765828412772e-03 0.000000000000000000e+00 2.746591236764812206e-05 0.000000000000000000e+00
2.967960131207086860e+01 1.007101721643064718e-01 0.000000000000000000e+00 -3.307860608695301335e-03 0.000000000000000000e+00 2.712837940974373676e-05 0.000000000000000000e+00
2.983984826828212888e+01 9.863438047199121761e-02 0.000000000000000000e+00 -3.178211178690338798e-03 0.000000000000000000e+00 2.673778887047409335e-05 0.000000000000000000e+00
3.001283412120454130e+01 9.638537830138801943e-02 0.000000000000000000e+00 -3.040459183042650611e-03 0.000000000000000000e+00 2.630607510178675703e-05 0.000000000000000000e+00
3.019230663224820077e+01 9.404542439226772077e-02 0.000000000000000000e+00 -2.900149858655304280e-03 0.000000000000000000e+00 2.584773536367426569e-05 0.000000000000000000e+00
3.037177914329186024e+01 9.170101757814566601e-02 0.000000000000000000e+00 -2.762671770570086869e-03 0.000000000000000000e+00 2.537937139238053552e-05 0.000000000000000000e+00
3.054476499621427976e+01 8.943909214465534108e-02 0.000000000000000000e+00 -2.632985352431058308e-03 0.000000000000000000e+00 2.491897815849449058e-05 0.000000000000000000e+00
3.070501195242554004e+01 8.734326390383249927e-02 0.000000000000000000e+00 -2.515425258343976806e-03 0.000000000000000000e+00 2.448505716835859569e-05 0.000000000000000000e+00
3.084672811314320029e+01 8.549042491758322704e-02 0.000000000000000000e+00 -2.413590086168703429e-03 0.000000000000000000e+00 2.409564297281232046e-05 0.000000000000000000e+00
3.096479109187270140e+01 8.394787087342292509e-02 0.000000000000000000e+00 -2.330314672444291652e-03 0.000000000000000000e+00 2.376732717947744100e-05 0.000000000000000000e+00
3.105493244470434888e+01 8.277103715281577956e-02 0.000000000000000000e+00 -2.267706133011922198e-03 0.000000000000000000e+00 2.351435323031703816e-05 0.000000000000000000e+00
3.111388679457256856e+01 8.200188168288374824e-02 0.000000000000000000e+00 -2.227219371136449598e-03 0.000000000000000000e+00 2.334785122236440372e-05 0.000000000000000000e+00
3.113933128568685049e+01 8.167005770834491474e-02 0.000000000000000000e+00 -2.209858693414647191e-03 0.000000000000000000e+00 2.327573681975994316e-05 0.000000000000000000e+00
3.113933128568685049e+01 8.167005770834491474e-02 0.000000000000000000e+00 -2.209858693414647191e-03 0.000000000000000000e+00 2.327573681975994316e-05 0.000000000000000000e+00
3.116477577680112887e+01 8.133832384670591775e-02 0.000000000000000000e+00 -2.192566578500352616e-03 0.000000000000000000e+00 2.320347160494958214e-05 0.000000000000000000e+00
3.122373012666935921e+01 8.057006920808100492e-02 0.000000000000000000e+00 -2.152765553570409624e-03 0.000000000000000000e+00 2.303546100354471083e-05 0.000000000000000000e+00
3.131387147950099958e+01 7.939647475139295640e-02 0.000000000000000000e+00 -2.092627891255801047e-03 0.000000000000000000e+00 2.277704772555558247e-05 0.000000000000000000e+00
3.143193445823050070e+01 7.786152690623517059e-02 0.000000000000000000e+00 -2.015185968635242394e-03 0.000000000000000000e+00 2.243586844997607418e-05 0.000000000000000000e+00
3.157365061894816094e+01 7.602271529444232234e-02 0.000000000000000000e+00 -1.924228436388696712e-03 0.000000000000000000e+00 2.202238582625589997e-05 0.000000000000000000e+00
3.173389757515942122e+01 7.394884991135955432e-02 0.000000000000000000e+00 -1.824027506329984651e-03 0.000000000000000000e+00 2.154983218733413575e-05 0.000000000000000000e+00
3.190688342808184075e+01 7.171727050117482349e-02 0.000000000000000000e+00 -1.719041607249021395e-03 0.000000000000000000e+00 2.103399043241566420e-05 0.000000000000000000e+00
3.208635593912549666e+01 6.941065007809231469e-02 0.000000000000000000e+00 -1.613629286429560947e-03 0.000000000000000000e+00 2.049279359279989319e-05 0.000000000000000000e+00
3.226582845016915257e+01 6.711360512674333090e-02 0.000000000000000000e+00 -1.511805925637638333e-03 0.000000000000000000e+00 1.994574298031270333e-05 0.000000000000000000e+00
3.243881430309156855e+01 6.490933513605338934e-02 0.000000000000000000e+00 -1.417066693294784458e-03 0.000000000000000000e+00 1.941316921968257996e-05 0.000000000000000000e+00
3.259906125930282883e+01 6.287649013658723474e-02 0.000000000000000000e+00 -1.332287269017870404e-03 0.000000000000000000e+00 1.891537976618164438e-05 0.000000000000000000e+00
3.274077742002049263e+01 6.108641836959228383e-02 0.000000000000000000e+00 -1.259701043238512170e-03 0.000000000000000000e+00 1.847174969885944640e-05 0.000000000000000000e+00
3.285884039874999729e+01 5.960089147387501868e-02 0.000000000000000000e+00 -1.200940352848860323e-03 0.000000000000000000e+00 1.809981964944682632e-05 0.000000000000000000e+00
3.294898175158164122e+01 5.847035235143775711e-02 0.000000000000000000e+00 -1.157121633417775150e-03 0.000000000000000000e+00 1.781446555142583601e-05 0.000000000000000000e+00
3.300793610144985735e+01 5.773271988615199385e-02 0.000000000000000000e+00 -1.128952124636443434e-03 0.000000000000000000e+00 1.762720765946858235e-05 0.000000000000000000e+00
3.303338059256414283e+01 5.741479906139806966e-02 0.000000000000000000e+00 -1.116913581241053745e-03 0.000000000000000000e+00 1.754623678861644249e-05 0.000000000000000000e+00
3.303338059256414283e+01 5.741479906139806966e-02 0.000000000000000000e+00 -1.116913581241053745e-03 0.000000000000000000e+00 1.754623678861644249e-05 0.000000000000000000e+00
3.305882508367842121e+01 5.709714579330709555e-02 0.000000000000000000e+00 -1.104946933935437329e-03 0.000000000000000000e+00 1.746517600247119941e-05 0.000000000000000000e+00
3.311777943354663734e+01 5.636218967993955609e-02 0.000000000000000000e+00 -1.077496545345996495e-03 0.000000000000000000e+00 1.727701880998796808e-05 0.000000000000000000e+00
3.320792078637828837e+01 5.524129954551423860e-02 0.000000000000000000e+00 -1.036269671984892029e-03 0.000000000000000000e+00 1.698842424001012003e-05 0.000000000000000000e+00
3.332598376510779303e+01 5.377858682310724531e-02 0.000000000000000000e+00 -9.836323055239834089e-04 0.000000000000000000e+00 1.660884331495405674e-05 0.000000000000000000e+00
3.346769992582545683e+01 5.203118430098560565e-02 0.000000000000000000e+00 -9.224801294886466295e-04 0.000000000000000000e+00 1.615094512766639611e-05 0.000000000000000000e+00
3.362794688203671711e+01 5.006678205558005162e-02 0.000000000000000000e+00 -8.559911610844551932e-04 0.000000000000000000e+00 1.563038169248000549e-05 0.000000000000000000e+00
3.380093273495913309e+01 4.796065153532255709e-02 0.000000000000000000e+00 -7.873704484796759410e-04 0.000000000000000000e+00 1.506539491383190523e-05 0.000000000000000000e+00
3.398040524600278900e+01 4.579235790711279341e-02 0.000000000000000000e+00 -7.196188608582781022e-04 0.000000000000000000e+00 1.447625530166387664e-05 0.000000000000000000e+00
3.415987775704643781e+01 4.364234120020239749e-02 0.000000000000000000e+00 -6.553514355679458409e-04 0.000000000000000000e+00 1.388453104705536067e-05 0.000000000000000000e+00
3.433286360996886089e+01 4.158856299654401650e-02 0.000000000000000000e+00 -5.966821329340658451e-04 0.000000000000000000e+00 1.331221236499091225e-05 0.000000000000000000e+00
3.449311056618012117e+01 3.970343158969559527e-02 0.000000000000000000e+00 -5.451813414519508577e-04 0.000000000000000000e+00 1.278074725432287708e-05 0.000000000000000000e+00
3.463482672689777786e+01 3.805122002111009649e-02 0.000000000000000000e+00 -5.019016253012749699e-04 0.000000000000000000e+00 1.231007250992176010e-05 0.000000000000000000e+00
3.475288970562728963e+01 3.668615619925662957e-02 0.000000000000000000e+00 -4.674576666861310044e-04 0.000000000000000000e+00 1.191773635719129806e-05 0.000000000000000000e+00
3.484303105845892645e+01 3.565127660603427395e-02 0.000000000000000000e+00 -4.421396997415501066e-04 0.000000000000000000e+00 1.161819690402828390e-05 0.000000000000000000e+00
3.490198540832714968e+01 3.497803265927078992e-02 0.000000000000000000e+00 -4.260377652752346078e-04 0.000000000000000000e+00 1.142235196622192150e-05 0.000000000000000000e+00
3.492742989944144227e+01 3.468836446802608942e-02 0.000000000000000000e+00 -4.191993551658788940e-04 0.000000000000000000e+00 1.133784999841685328e-05 0.000000000000000000e+00
3.492742989944144227e+01 3.468836446802608942e-02 0.000000000000000000e+00 -4.191993551658788940e-04 0.000000000000000000e+00 1.133784999841685328e-05 0.000000000000000000e+00
3.495287439055571355e+01 3.439924954337794660e-02 0.000000000000000000e+00 -4.124277882904992150e-04 0.000000000000000000e+00 1.125336617433510150e-05 0.000000000000000000e+00
3.501182874042393678e+01 3.373154063188748414e-02 0.000000000000000000e+00 -3.969944238323640218e-04 0.000000000000000000e+00 1.105770313318743257e-05 0.000000000000000000e+00
3.510197009325558071e+01 3.271662761260150237e-02 0.000000000000000000e+00 -3.740859530662379840e-04 0.000000000000000000e+00 1.075882559590558749e-05 0.000000000000000000e+00
3.522003307198509248e+01 3.139884283137617943e-02 0.000000000000000000e+00 -3.453335310235387486e-04 0.000000000000000000e+00 1.036809260002943370e-05 0.000000000000000000e+00
3.536174923270274917e+01 2.983531927653714291e-02 0.000000000000000000e+00 -3.126778999380512461e-04 0.000000000000000000e+00 9.900559643967981580e-06 0.000000000000000000e+00
3.552199618891400945e+01 2.809315351788271506e-02 0.000000000000000000e+00 -2.781618862987700748e-04 0.000000000000000000e+00 9.374522478784797413e-06 0.000000000000000000e+00
3.569498204183641832e+01 2.624587176006724920e-02 0.000000000000000000e+00 -2.437251616970012222e-04 0.000000000000000000e+00 8.810815368514988665e-06 0.000000000000000000e+00
3.587445455288008134e+01 2.436938635825544597e-02 0.000000000000000000e+00 -2.110312012375687970e-04 0.000000000000000000e+00 8.231852347999349748e-06 0.000000000000000000e+00
3.605392706392373725e+01 2.253769962053288681e-02 0.000000000000000000e+00 -1.813498616111307239e-04 0.000000000000000000e+00 7.660438673058132250e-06 0.000000000000000000e+00
3.622691291684615322e+01 2.081875034202236574e-02 0.000000000000000000e+00 -1.555088930497078629e-04 0.000000000000000000e+00 7.118451739936412778e-06 0.000000000000000000e+00
3.638715987305741351e+01 1.927092503789295044e-02 0.000000000000000000e+00 -1.339146526082045157e-04 0.000000000000000000e+00 6.625567398493590067e-06 0.000000000000000000e+00
3.652887603377507020e+01 1.794078231660201431e-02 0.000000000000000000e+00 -1.166290627701705557e-04 0.000000000000000000e+00 6.198252333609067727e-06 0.000000000000000000e+00
3.664693901250456776e+01 1.686238416075418189e-02 0.000000000000000000e+00 -1.034802374932773417e-04 0.000000000000000000e+00 5.849218182141958419e-06 0.000000000000000000e+00
3.673708036533621879e+01 1.605828196199415858e-02 0.000000000000000000e+00 -9.418130639133385194e-05 0.000000000000000000e+00 5.587424828765331462e-06 0.000000000000000000e+00
3.679603471520444202e+01 1.554178974243960835e-02 0.000000000000000000e+00 -8.843653191392180843e-05 0.000000000000000000e+00 5.418566595666923399e-06 0.000000000000000000e+00
3.682147920631872040e+01 1.532123479555347681e-02 0.000000000000000000e+00 -8.603780076889460998e-05 0.000000000000000000e+00 5.346290872654438710e-06 0.000000000000000000e+00
3.682147920631872040e+01 1.532123479555347681e-02 0.000000000000000000e+00 -8.603780076889460998e-05 0.000000000000000000e+00 5.346290872654438710e-06 0.000000000000000000e+00
3.684692369743299878e+01 1.510212763941330000e-02 0.000000000000000000e+00 -8.368709256689718147e-05 0.000000000000000000e+00 5.274388770556739067e-06 0.000000000000000000e+00
3.690587804730122201e+01 1.460011716161377718e-02 0.000000000000000000e+00 -7.842260771893007235e-05 0.000000000000000000e+00 5.109267986376347813e-06 0.000000000000000000e+00
3.699601940013287305e+01 1.384821929427769438e-02 0.000000000000000000e+00 -7.085403617990174922e-05 0.000000000000000000e+00 4.860951295802636304e-06 0.000000000000000000e+00
3.711408237886237060e+01 1.289321265278077326e-02 0.000000000000000000e+00 -6.178894021646784505e-05 0.000000000000000000e+00 4.543794165241331042e-06 0.000000000000000000e+00
3.725579853958002730e+01 1.179368228086710019e-02 0.000000000000000000e+00 -5.211286845643913271e-05 0.000000000000000000e+00 4.176141493334983936e-06 0.000000000000000000e+00
3.741604549579128758e+01 1.061525758879972720e-02 0.000000000000000000e+00 -4.264869884361675325e-05 0.000000000000000000e+00 3.779051210981980327e-06 0.000000000000000000e+00
3.758903134871371066e+01 9.424709059414339632e-03 0.000000000000000000e+00 -3.404154759493253473e-05 0.000000000000000000e+00 3.374547194792383160e-06 0.000000000000000000e+00
3.776850385975736657e+01 8.283494462967345637e-03 0.000000000000000000e+00 -2.669370926108847295e-05 0.000000000000000000e+00 2.983531580084283692e-06 0.000000000000000000e+00
3.794797637080102248e+01 7.241750602836585261e-03 0.000000000000000000e+00 -2.075948824585115764e-05 0.000000000000000000e+00 2.623666644050762780e-06 0.000000000000000000e+00
3.812096222372343846e+01 6.334031239322150154e-03 0.000000000000000000e+00 -1.619160887441721869e-05 0.000000000000000000e+00 2.307700780957368539e-06 0.000000000000000000e+00
3.828120917993469874e+01 5.577968703778254413e-03 0.000000000000000000e+00 -1.281623380349683068e-05 0.000000000000000000e+00 2.042727021824626406e-06 0.000000000000000000e+00
3.842292534065236254e+01 4.976295864405748740e-03 0.000000000000000000e+00 -1.040933075053958325e-05 0.000000000000000000e+00 1.830629656409727516e-06 0.000000000000000000e+00
3.854098831938186720e+01 4.521506399941137289e-03 0.000000000000000000e+00 -8.754412049953378324e-06 0.000000000000000000e+00 1.669546101040842561e-06 0.000000000000000000e+00
3.863112967221349692e+01 4.201485543095003460e-03 0.000000000000000000e+00 -7.674805250620577810e-06 0.000000000000000000e+00 1.555781014275069871e-06 0.000000000000000000e+00
3.869008402208172726e+01 4.004360107191200571e-03 0.000000000000000000e+00 -7.044717231378934596e-06 0.000000000000000000e+00 1.485525126692137399e-06 0.000000000000000000e+00
3.871552851319601274e+01 3.922149402219082467e-03 0.000000000000000000e+00 -6.789809926149141742e-06 0.000000000000000000e+00 1.456183218818991532e-06 0.000000000000000000e+00
3.871552851319601274e+01 3.922149402219082467e-03 0.000000000000000000e+00 -6.789809926149141742e-06 0.000000000000000000e+00 1.456183218818991532e-06 0.000000000000000000e+00
3.874097300431029112e+01 3.841623449901410137e-03 0.000000000000000000e+00 -6.544617702339912665e-06 0.000000000000000000e+00 1.427418125622010897e-06 0.000000000000000000e+00
3.879992735417850724e+01 3.661336553466757078e-03 0.000000000000000000e+00 -6.011781844822864955e-06 0.000000000000000000e+00 1.362926573352227691e-06 0.000000000000000000e+00
3.889006870701015828e+01 3.401814212885701221e-03 0.000000000000000000e+00 -5.283893137366219267e-06 0.000000000000000000e+00 1.269860886808014270e-06 0.000000000000000000e+00
3.900813168573966294e+01 3.088787356010709584e-03 0.000000000000000000e+00 -4.467375848310633502e-06 0.000000000000000000e+00 1.157212775409272534e-06 0.000000000000000000e+00
3.914984784645732674e+01 2.747591640719657634e-03 0.000000000000000000e+00 -3.653874112967338283e-06 0.000000000000000000e+00 1.033858504283161203e-06 0.000000000000000000e+00
3.931009480266858702e+01 2.397479490726701565e-03 0.000000000000000000e+00 -2.901974864475693068e-06 0.000000000000000000e+00 9.065228576406960733e-07 0.000000000000000000e+00
3.948308065559100299e+01 2.049033022045927167e-03 0.000000000000000000e+00 -2.236843386622562398e-06 0.000000000000000000e+00 7.788246143623323095e-07 0.000000000000000000e+00
3.966255316663465891e+01 1.706533783472858300e-03 0.000000000000000000e+00 -1.663786038442312160e-06 0.000000000000000000e+00 6.521410507320982117e-07 0.000000000000000000e+00
3.984202567767830772e+01 1.373743957053515834e-03 0.000000000000000000e+00 -1.183533878731914866e-06 0.000000000000000000e+00 5.277808075966256502e-07 0.000000000000000000e+00
4.001501153060073079e+01 1.057868565129435655e-03 0.000000000000000000e+00 -7.974811073011029117e-07 0.000000000000000000e+00 4.085107300374846466e-07 0.000000000000000000e+00
4.017525848681199108e+01 7.685659379316375469e-04 0.000000000000000000e+00 -5.035624349330459988e-07 0.000000000000000000e+00 2.981958827904343655e-07 0.000000000000000000e+00
4.031697464752964777e+01 5.152859141537631960e-04 0.000000000000000000e+00 -2.930919792758928368e-07 0.000000000000000000e+00 2.007573855333739165e-07 0.000000000000000000e+00
4.043503762625915954e+01 3.061201429744253252e-04 0.000000000000000000e+00 -1.522707565061399740e-07 0.000000000000000000e+00 1.196769615672119712e-07 0.000000000000000000e+00
4.052517897909080347e+01 1.475554255641788189e-04 0.000000000000000000e+00 -6.541177004001275430e-08 0.000000000000000000e+00 5.783778018231108430e-08 0.000000000000000000e+00
4.058413332895902670e+01 4.439007371558336096e-05 0.000000000000000000e+00 -1.811501788993114846e-08 0.000000000000000000e+00 1.742948656336686036e-08 0.000000000000000000e+00
