-2.000000000000000000e+01 nan nan nan nan nan nan
-1.997455550888572162e+01 -9.033711810213746829e-04 0.000000000000000000e+00 1.867534071078450648e-06 0.000000000000000000e+00 1.867534071078450648e-06 0.000000000000000000e+00
-1.991560115901749128e+01 -9.032612868962770639e-04 0.000000000000000000e+00 1.860575173731614400e-06 0.000000000000000000e+00 1.860575173731613976e-06 0.000000000000000000e+00
-1.982545980618585091e+01 -9.030940516461889635e-04 0.000000000000000000e+00 1.849936297082872984e-06 0.000000000000000000e+00 1.849936297082873195e-06 0.000000000000000000e+00
-1.970739682745634980e+01 -9.028764651064325819e-04 0.000000000000000000e+00 1.836004348987938756e-06 0.000000000000000000e+00 1.836004348987938968e-06 0.000000000000000000e+00
-1.956568066673868955e+01 -9.026174583835554861e-04 0.000000000000000000e+00 1.819284741582767259e-06 0.000000000000000000e+00 1.819284741582766835e-06 0.000000000000000000e+00
-1.940543371052742927e+01 -9.023274380410921912e-04 0.000000000000000000e+00 1.800383479551610989e-06 0.000000000000000000e+00 1.800383479551610777e-06 0.000000000000000000e+00
-1.923244785760500974e+01 -9.020177615661818284e-04 0.000000000000000000e+00 1.779985098349128186e-06 0.000000000000000000e+00 1.779985098349128186e-06 0.000000000000000000e+00
-1.905297534656135028e+01 -9.017002018425507737e-04 0.000000000000000000e+00 1.758827745867905275e-06 0.000000000000000000e+00 1.758827745867904851e-06 0.000000000000000000e+00
-1.887350283551769081e+01 -9.013864387434971596e-04 0.000000000000000000e+00 1.737676387530631098e-06 0.000000000000000000e+00 1.737676387530629828e-06 0.000000000000000000e+00
-1.870051698259527839e+01 -9.010876082254981384e-04 0.000000000000000000e+00 1.717295129213124995e-06 0.000000000000000000e+00 1.717295129213124995e-06 0.000000000000000000e+00
-1.854027002638402166e+01 -9.008139293386443255e-04 0.000000000000000000e+00 1.698419663744247173e-06 0.000000000000000000e+00 1.698419663744247173e-06 0.000000000000000000e+00
-1.839855386566636142e+01 -9.005744184063925548e-04 0.000000000000000000e+00 1.681730828776262654e-06 0.000000000000000000e+00 1.681730828776262654e-06 0.000000000000000000e+00
-1.828049088693684965e+01 -9.003766888536998171e-04 0.000000000000000000e+00 1.667830219269279582e-06 0.000000000000000000e+00 1.667830219269279582e-06 0.000000000000000000e+00
-1.819034953410520927e+01 -9.002268266581235287e-04 0.000000000000000000e+00 1.657218757746080335e-06 0.000000000000000000e+00 1.657218757746079276e-06 0.000000000000000000e+00
-1.813139518423698959e+01 -9.001293309586864012e-04 0.000000000000000000e+00 1.650279423559697457e-06 0.000000000000000000e+00 1.650279423559697245e-06 0.000000000000000000e+00
-1.810595069312271121e+01 -9.000873785393944271e-04 0.000000000000000000e+00 1.647284622662925044e-06 0.000000000000000000e+00 1.647284622662926103e-06 0.000000000000000000e+00
-1.810595069312271121e+01 -9.000873785393944271e-04 0.000000000000000000e+00 1.647284622662925044e-06 0.000000000000000000e+00 1.647284622662926103e-06 0.000000000000000000e+00
-1.808050620200842928e+01 -9.000455023198209717e-04 0.000000000000000000e+00 1.644289936994718007e-06 0.000000000000000000e+00 1.644289936994718007e-06 0.000000000000000000e+00
-1.802155185214019895e+01 -8.999487687966151520e-04 0.000000000000000000e+00 1.637351755361913244e-06 0.000000000000000000e+00 1.637351755361912609e-06 0.000000000000000000e+00
-1.793141049930855857e+01 -8.998016537836333369e-04 0.000000000000000000e+00 1.626744448048929820e-06 0.000000000000000000e+00 1.626744448048929396e-06 0.000000000000000000e+00
-1.781334752057906101e+01 -8.996104155068341407e-04 0.000000000000000000e+00 1.612853654177374694e-06 0.000000000000000000e+00 1.612853654177374694e-06 0.000000000000000000e+00
-1.767163135986139011e+01 -8.993830293603522754e-04 0.000000000000000000e+00 1.596183152357703220e-06 0.000000000000000000e+00 1.596183152357702797e-06 0.000000000000000000e+00
-1.751138440365012983e+01 -8.991287559452583369e-04 0.000000000000000000e+00 1.577337025814391337e-06 0.000000000000000000e+00 1.577337025814390279e-06 0.000000000000000000e+00
-1.733839855072772096e+01 -8.988576582372295645e-04 0.000000000000000000e+00 1.556997690232395735e-06 0.000000000000000000e+00 1.556997690232396159e-06 0.000000000000000000e+00
-1.715892603968406149e+01 -8.985801131656494375e-04 0.000000000000000000e+00 1.535901070450470385e-06 0.000000000000000000e+00 1.535901070450470385e-06 0.000000000000000000e+00
-1.697945352864040913e+01 -8.983063538675911284e-04 0.000000000000000000e+00 1.514809899640702392e-06 0.000000000000000000e+00 1.514809899640701969e-06 0.000000000000000000e+00
-1.680646767571798961e+01 -8.980460711192867840e-04 0.000000000000000000e+00 1.494486129642306802e-06 0.000000000000000000e+00 1.494486129642306590e-06 0.000000000000000000e+00
-1.664622071950672932e+01 -8.978080924607394165e-04 0.000000000000000000e+00 1.475663453606536999e-06 0.000000000000000000e+00 1.475663453606537211e-06 0.000000000000000000e+00
-1.650450455878906908e+01 -8.976001463979164929e-04 0.000000000000000000e+00 1.459020925804862265e-06 0.000000000000000000e+00 1.459020925806069076e-06 0.000000000000000000e+00
-1.638644158005956086e+01 -8.974287083761440121e-04 0.000000000000000000e+00 1.445158620794736897e-06 0.000000000000000000e+00 1.445158620803793796e-06 0.000000000000000000e+00
-1.629630022722792049e+01 -8.972989167881390438e-04 0.000000000000000000e+00 1.434576235788683256e-06 0.000000000000000000e+00 1.434576235823695786e-06 0.000000000000000000e+00
-1.623734587735970081e+01 -8.972145462754112103e-04 0.000000000000000000e+00 1.427655838523326393e-06 0.000000000000000000e+00 1.427655838606016714e-06 0.000000000000000000e+00
-1.621190138624541888e+01 -8.971782582962631704e-04 0.000000000000000000e+00 1.424669191161804934e-06 0.000000000000000000e+00 1.424669191280098167e-06 0.000000000000000000e+00
-1.621190138624541888e+01 -8.971782582962631704e-04 0.000000000000000000e+00 1.424669191161804934e-06 0.000000000000000000e+00 1.424669191280098167e-06 0.000000000000000000e+00
-1.618645689513114050e+01 -8.971420463095489389e-04 0.000000000000000000e+00 1.421682647189101934e-06 0.000000000000000000e+00 1.421682647357479379e-06 0.000000000000000000e+00
-1.612750254526291016e+01 -8.970584358997476691e-04 0.000000000000000000e+00 1.414763284043313664e-06 0.000000000000000000e+00 1.414763284413215916e-06 0.000000000000000000e+00
-1.603736119243126979e+01 -8.969313840218311618e-04 0.000000000000000000e+00 1.404184626163083664e-06 0.000000000000000000e+00 1.404184627322646358e-06 0.000000000000000000e+00
-1.591929821370177045e+01 -8.967664196231439708e-04 0.000000000000000000e+00 1.390331126004272531e-06 0.000000000000000000e+00 1.390331130657625269e-06 0.000000000000000000e+00
-1.577758205298409955e+01 -8.965705653954260780e-04 0.000000000000000000e+00 1.373705033345308669e-06 0.000000000000000000e+00 1.373705054713506027e-06 0.000000000000000000e+00
-1.561733509677283926e+01 -8.963519395832338999e-04 0.000000000000000000e+00 1.354908605978236997e-06 0.000000000000000000e+00 1.354908707277898456e-06 0.000000000000000000e+00
-1.544434924385043040e+01 -8.961193149296642867e-04 0.000000000000000000e+00 1.334622103225643781e-06 0.000000000000000000e+00 1.334622559786560394e-06 0.000000000000000000e+00
-1.526487673280676916e+01 -8.958816779518157360e-04 0.000000000000000000e+00 1.313578672054405073e-06 0.000000000000000000e+00 1.313580516963758593e-06 0.000000000000000000e+00
-1.508540422176312035e+01 -8.956478234311386621e-04 0.000000000000000000e+00 1.292536863905567485e-06 0.000000000000000000e+00 1.292543307875873556e-06 0.000000000000000000e+00
-1.491241836884070082e+01 -8.954260104991737437e-04 0.000000000000000000e+00 1.272251892016348644e-06 0.000000000000000000e+00 1.272270980712397330e-06 0.000000000000000000e+00
-1.475217141262944054e+01 -8.952236944681473806e-04 0.000000000000000000e+00 1.253447858191431672e-06 0.000000000000000000e+00 1.253495493212383139e-06 0.000000000000000000e+00
-1.461045525191178029e+01 -8.950473354726579513e-04 0.000000000000000000e+00 1.236794150662520285e-06 0.000000000000000000e+00 1.236894372791115310e-06 0.000000000000000000e+00
-1.449239227318227030e+01 -8.949022771889690890e-04 0.000000000000000000e+00 1.222887773977993540e-06 0.000000000000000000e+00 1.223066385811926100e-06 0.000000000000000000e+00
-1.440225092035062993e+01 -8.947926893964689961e-04 0.000000000000000000e+00 1.212238923467797310e-06 0.000000000000000000e+00 1.212510135734554446e-06 0.000000000000000000e+00
-1.434329657048241025e+01 -8.947215732982575142e-04 0.000000000000000000e+00 1.205254065967491671e-06 0.000000000000000000e+00 1.205606820368738760e-06 0.000000000000000000e+00
-1.431785207936813009e+01 -8.946910180409060930e-04 0.000000000000000000e+00 1.202233365190424776e-06 0.000000000000000000e+00 1.202627546845099709e-06 0.000000000000000000e+00
-1.431785207936813009e+01 -8.946910180409060930e-04 0.000000000000000000e+00 1.202233365190424776e-06 0.000000000000000000e+00 1.202627546845099709e-06 0.000000000000000000e+00
-1.429240758825383928e+01 -8.946605470746899413e-04 0.000000000000000000e+00 1.199208529284849359e-06 0.000000000000000000e+00 1.199648379266962095e-06 0.000000000000000000e+00
-1.423345323838561960e+01 -8.945902745302276643e-04 0.000000000000000000e+00 1.192182089398677583e-06 0.000000000000000000e+00 1.192746124381247470e-06 0.000000000000000000e+00
-1.414331188555397922e+01 -8.944837339548497579e-04 0.000000000000000000e+00 1.181380012445856913e-06 0.000000000000000000e+00 1.182193708419290551e-06 0.000000000000000000e+00
-1.402524890682446923e+01 -8.943459179309941852e-04 0.000000000000000000e+00 1.167090634590805614e-06 0.000000000000000000e+00 1.168374854272445770e-06 0.000000000000000000e+00
-1.388353274610681076e+01 -8.941832466526013386e-04 0.000000000000000000e+00 1.149641715151459011e-06 0.000000000000000000e+00 1.151791070837976189e-06 0.000000000000000000e+00
-1.372328578989555048e+01 -8.940032811522841648e-04 0.000000000000000000e+00 1.129343921237427685e-06 0.000000000000000000e+00 1.133044096116965160e-06 0.000000000000000000e+00
-1.355029993697313984e+01 -8.938143878902580445e-04 0.000000000000000000e+00 1.106436859216898762e-06 0.000000000000000000e+00 1.112814188246237317e-06 0.000000000000000000e+00
-1.337082742592948037e+01 -8.936253299015042232e-04 0.000000000000000000e+00 1.081071431788595649e-06 0.000000000000000000e+00 1.091835421575911810e-06 0.000000000000000000e+00
-1.319135491488581913e+01 -8.934447310317844429e-04 0.000000000000000000e+00 1.053372380496690081e-06 0.000000000000000000e+00 1.070868812867854855e-06 0.000000000000000000e+00
-1.301836906196341026e+01 -8.932803830859672306e-04 0.000000000000000000e+00 1.023609404634488506e-06 0.000000000000000000e+00 1.050674190758645195e-06 0.000000000000000000e+00
-1.285812210575214998e+01 -8.931384601956280506e-04 0.000000000000000000e+00 9.924531843443595826e-07 0.000000000000000000e+00 1.031981920096007251e-06 0.000000000000000000e+00
-1.271640594503448973e+01 -8.930228377141042912e-04 0.000000000000000000e+00 9.612208031925743982e-07 0.000000000000000000e+00 1.015465799176456002e-06 0.000000000000000000e+00
-1.259834296630497974e+01 -8.929347959076472559e-04 0.000000000000000000e+00 9.319683845884511669e-07 0.000000000000000000e+00 1.001718515942158359e-06 0.000000000000000000e+00
-1.250820161347333936e+01 -8.928733326460606273e-04 0.000000000000000000e+00 9.073124857638201701e-07 0.000000000000000000e+00 9.912308920935935101e-07 0.000000000000000000e+00
-1.244924726360511968e+01 -8.928361003347116097e-04 0.000000000000000000e+00 8.899651669374969217e-07 0.000000000000000000e+00 9.843761059927434558e-07 0.000000000000000000e+00
-1.242380277249083953e+01 -8.928208014442118919e-04 0.000000000000000000e+00 8.821567628592382283e-07 0.000000000000000000e+00 9.814187287619434065e-07 0.000000000000000000e+00
-1.242380277249083953e+01 -8.928208014442118919e-04 0.000000000000000000e+00 8.821567628592382283e-07 0.000000000000000000e+00 9.814187287619434065e-07 0.000000000000000000e+00
-1.239835828137655938e+01 -8.928059852132729304e-04 0.000000000000000000e+00 8.741455577399914935e-07 0.000000000000000000e+00 9.784620545195268387e-07 0.000000000000000000e+00
-1.233940393150833081e+01 -8.927735830194749546e-04 0.000000000000000000e+00 8.547685605807339822e-07 0.000000000000000000e+00 9.716143024805075415e-07 0.000000000000000000e+00
-1.224926257867669044e+01 -8.927295654130869935e-04 0.000000000000000000e+00 8.227789346332255366e-07 0.000000000000000000e+00 9.611520702398733700e-07 0.000000000000000000e+00
-1.213119959994718933e+01 -8.926829694720032210e-04 0.000000000000000000e+00 7.760861032191257906e-07 0.000000000000000000e+00 9.474650208629942117e-07 0.000000000000000000e+00
-1.198948343922952020e+01 -8.926456025226698482e-04 0.000000000000000000e+00 7.118581215164620703e-07 0.000000000000000000e+00 9.310622941678703733e-07 0.000000000000000000e+00
-1.182923648301825992e+01 -8.926311957859904599e-04 0.000000000000000000e+00 6.267606025267471272e-07 0.000000000000000000e+00 9.125538912091926618e-07 0.000000000000000000e+00
-1.165625063009584927e+01 -8.926539051922734386e-04 0.000000000000000000e+00 5.175033407098394056e-07 0.000000000000000000e+00 8.926270669231226226e-07 0.000000000000000000e+00
-1.147677811905218981e+01 -8.927260684162046040e-04 0.000000000000000000e+00 3.817603474402069270e-07 0.000000000000000000e+00 8.720189479172174498e-07 0.000000000000000000e+00
-1.129730560800853034e+01 -8.928553764500492089e-04 0.000000000000000000e+00 2.194008385416428563e-07 0.000000000000000000e+00 8.514866771908069558e-07 0.000000000000000000e+00
-1.112431975508611970e+01 -8.930419643723873022e-04 0.000000000000000000e+00 3.379207404745594024e-08 0.000000000000000000e+00 8.317768441948457292e-07 0.000000000000000000e+00
-1.096407279887485942e+01 -8.932762333260221626e-04 0.000000000000000000e+00 -1.672234751018035835e-07 0.000000000000000000e+00 8.135962504120804521e-07 0.000000000000000000e+00
-1.082235663815719917e+01 -8.935383080415169182e-04 0.000000000000000000e+00 -3.711259452303643972e-07 0.000000000000000000e+00 7.975859707172781170e-07 0.000000000000000000e+00
-1.070429365942768918e+01 -8.937997856641529022e-04 0.000000000000000000e+00 -5.616216656714946603e-07 0.000000000000000000e+00 7.843001511990661566e-07 0.000000000000000000e+00
-1.061415230659605058e+01 -8.940278502128146858e-04 0.000000000000000000e+00 -7.206974785101034620e-07 0.000000000000000000e+00 7.741902005195179804e-07 0.000000000000000000e+00
-1.055519795672782912e+01 -8.941910711376037466e-04 0.000000000000000000e+00 -8.314946412577701683e-07 0.000000000000000000e+00 7.675945611476480414e-07 0.000000000000000000e+00
-1.052975346561355074e+01 -8.942650745612088685e-04 0.000000000000000000e+00 -8.810265018448066351e-07 0.000000000000000000e+00 7.647520365473408745e-07 0.000000000000000000e+00
-1.052975346561355074e+01 -8.942650745612088685e-04 0.000000000000000000e+00 -8.810265018448066351e-07 0.000000000000000000e+00 7.647520365473408745e-07 0.000000000000000000e+00
-1.050430897449925993e+01 -8.943412703532312245e-04 0.000000000000000000e+00 -9.316142748098227978e-07 0.000000000000000000e+00 7.619120414566633247e-07 0.000000000000000000e+00
-1.044535462463104025e+01 -8.945264224390440120e-04 0.000000000000000000e+00 -1.052974205794168607e-06 0.000000000000000000e+00 7.553417025855175260e-07 0.000000000000000000e+00
-1.035521327179939988e+01 -8.948335705960852897e-04 0.000000000000000000e+00 -1.250139939019744589e-06 0.000000000000000000e+00 7.453229367235566821e-07 0.000000000000000000e+00
-1.023715029306988988e+01 -8.952821319546232920e-04 0.000000000000000000e+00 -1.530746954594428751e-06 0.000000000000000000e+00 7.322525259760828735e-07 0.000000000000000000e+00
-1.009543413235222964e+01 -8.958944744474045931e-04 0.000000000000000000e+00 -1.903375716540331276e-06 0.000000000000000000e+00 7.166444104325682910e-07 0.000000000000000000e+00
-9.935187176140969356e+00 -8.966915686100879667e-04 0.000000000000000000e+00 -2.375549249241181821e-06 0.000000000000000000e+00 6.991069641262417538e-07 0.000000000000000000e+00
-9.762201323218558713e+00 -8.976872687455417568e-04 0.000000000000000000e+00 -2.951060259212280799e-06 0.000000000000000000e+00 6.803151967688657132e-07 0.000000000000000000e+00
-9.582728812174899247e+00 -8.988817005626704038e-04 0.000000000000000000e+00 -3.626846378044691197e-06 0.000000000000000000e+00 6.609800225341762001e-07 0.000000000000000000e+00
-9.403256301131241557e+00 -9.002547863971396445e-04 0.000000000000000000e+00 -4.389912340305040676e-06 0.000000000000000000e+00 6.418168647162485378e-07 0.000000000000000000e+00
-9.230270448208830913e+00 -9.017614034794374164e-04 0.000000000000000000e+00 -5.215033935773707005e-06 0.000000000000000000e+00 6.235160118208865190e-07 0.000000000000000000e+00
-9.070023491997568854e+00 -9.033298318337590165e-04 0.000000000000000000e+00 -6.064064507707313370e-06 0.000000000000000000e+00 6.067168527842731908e-07 0.000000000000000000e+00
-8.928307331279906833e+00 -9.048648354790079324e-04 0.000000000000000000e+00 -6.887514519764975319e-06 0.000000000000000000e+00 5.919874010138671381e-07 0.000000000000000000e+00
-8.810244352550400393e+00 -9.062558976013666227e-04 0.000000000000000000e+00 -7.628669247287135963e-06 0.000000000000000000e+00 5.798095705273058861e-07 0.000000000000000000e+00
-8.720102999718760017e+00 -9.073899357458860325e-04 0.000000000000000000e+00 -8.229917155555810574e-06 0.000000000000000000e+00 5.705697948583665661e-07 0.000000000000000000e+00
-8.661148649850536785e+00 -9.081665179979263097e-04 0.000000000000000000e+00 -8.640310867975320135e-06 0.000000000000000000e+00 5.645542934955745903e-07 0.000000000000000000e+00
-8.635704158736254854e+00 -9.085104082671690553e-04 0.000000000000000000e+00 -8.821725987916919197e-06 0.000000000000000000e+00 5.619647945658370244e-07 0.000000000000000000e+00
-8.635704158736254854e+00 -9.085104082671690553e-04 0.000000000000000000e+00 -8.821725987916919197e-06 0.000000000000000000e+00 5.619647945658370244e-07 0.000000000000000000e+00
-8.610259667621972923e+00 -9.088596309537196440e-04 0.000000000000000000e+00 -9.005765432561508511e-06 0.000000000000000000e+00 5.593793961491233296e-07 0.000000000000000000e+00
-8.551305317753749691e+00 -9.096895528878180858e-04 0.000000000000000000e+00 -9.442410045180730914e-06 0.000000000000000000e+00 5.534049071878694508e-07 0.000000000000000000e+00
-8.461163964922109315e+00 -9.110158931981706364e-04 0.000000000000000000e+00 -1.013829896507845425e-05 0.000000000000000000e+00 5.443129206992214489e-07 0.000000000000000000e+00
-8.343100986192602875e+00 -9.128616237891398625e-04 0.000000000000000000e+00 -1.110321952513009097e-05 0.000000000000000000e+00 5.324840779704085174e-07 0.000000000000000000e+00
-8.201384825474940854e+00 -9.152469459180966570e-04 0.000000000000000000e+00 -1.234516243259517709e-05 0.000000000000000000e+00 5.184056586630604287e-07 0.000000000000000000e+00
-8.041137869263678795e+00 -9.181791991034176509e-04 0.000000000000000000e+00 -1.386543299304491730e-05 0.000000000000000000e+00 5.026462434838621659e-07 0.000000000000000000e+00
-7.868152016341267263e+00 -9.216411976809107650e-04 0.000000000000000000e+00 -1.565298601875096394e-05 0.000000000000000000e+00 4.858266435536521294e-07 0.000000000000000000e+00
-7.688679505297609573e+00 -9.255793571010918026e-04 0.000000000000000000e+00 -1.767864672777672859e-05 0.000000000000000000e+00 4.685898613328210176e-07 0.000000000000000000e+00
-7.509206994253951883e+00 -9.298936286554819420e-04 0.000000000000000000e+00 -1.989021190900808626e-05 0.000000000000000000e+00 4.515724864671309194e-07 0.000000000000000000e+00
-7.336221141331538576e+00 -9.344316650666296964e-04 0.000000000000000000e+00 -2.220963179098305569e-05 0.000000000000000000e+00 4.353794853785757737e-07 0.000000000000000000e+00
-7.175974185120277404e+00 -9.389896427721525522e-04 0.000000000000000000e+00 -2.453347966119621311e-05 0.000000000000000000e+00 4.205636452178994796e-07 0.000000000000000000e+00
-7.034258024402616272e+00 -9.433216273732583819e-04 0.000000000000000000e+00 -2.673765120840058377e-05 0.000000000000000000e+00 4.076101745462649192e-07 0.000000000000000000e+00
-6.916195045673110720e+00 -9.471581885302046049e-04 0.000000000000000000e+00 -2.868664942746241536e-05 0.000000000000000000e+00 3.969263304194876370e-07 0.000000000000000000e+00
-6.826053692841468568e+00 -9.502331389605576679e-04 0.000000000000000000e+00 -3.024689895170371682e-05 0.000000000000000000e+00 3.888355078648447665e-07 0.000000000000000000e+00
-6.767099342973246223e+00 -9.523149143476162875e-04 0.000000000000000000e+00 -3.130235863909230703e-05 0.000000000000000000e+00 3.835751870243179539e-07 0.000000000000000000e+00
-6.741654851858964292e+00 -9.532310792303199179e-04 0.000000000000000000e+00 -3.176665052432112456e-05 0.000000000000000000e+00 3.813125188266336342e-07 0.000000000000000000e+00
-6.741654851858964292e+00 -9.532310792303199179e-04 0.000000000000000000e+00 -3.176665052432112456e-05 0.000000000000000000e+00 3.813125188266336342e-07 0.000000000000000000e+00
-6.716210360744682362e+00 -9.541580620913925554e-04 0.000000000000000000e+00 -3.223630293230650570e-05 0.000000000000000000e+00 3.790544877259189557e-07 0.000000000000000000e+00
-6.657256010876459129e+00 -9.563480584538337726e-04 0.000000000000000000e+00 -3.334538824104602873e-05 0.000000000000000000e+00 3.738405522078298122e-07 0.000000000000000000e+00
-6.567114658044817865e+00 -9.598133179411339313e-04 0.000000000000000000e+00 -3.509904331190774807e-05 0.000000000000000000e+00 3.659169727583055690e-07 0.000000000000000000e+00
-6.449051679315312313e+00 -9.645736186514471643e-04 0.000000000000000000e+00 -3.750577032890325312e-05 0.000000000000000000e+00 3.556286297026025191e-07 0.000000000000000000e+00
-6.307335518597651181e+00 -9.706366278292914663e-04 0.000000000000000000e+00 -4.056768766656090132e-05 0.000000000000000000e+00 3.434151244718554079e-07 0.000000000000000000e+00
-6.147088562386389121e+00 -9.779803925685447673e-04 0.000000000000000000e+00 -4.427191115223794534e-05 0.000000000000000000e+00 3.297869167536635261e-07 0.000000000000000000e+00
-5.974102709463976701e+00 -9.865327534458890463e-04 0.000000000000000000e+00 -4.858041012559594540e-05 0.000000000000000000e+00 3.152983422560830394e-07 0.000000000000000000e+00
-5.794630198420319012e+00 -9.961491023148070102e-04 0.000000000000000000e+00 -5.341903983615717093e-05 0.000000000000000000e+00 3.005196231555371157e-07 0.000000000000000000e+00
-5.615157687376661322e+00 -1.006591091646997106e-03 0.000000000000000000e+00 -5.866704898970885455e-05 0.000000000000000000e+00 2.860095192339772414e-07 0.000000000000000000e+00
-5.442171834454248902e+00 -1.017510474702109985e-03 0.000000000000000000e+00 -6.414914739479241480e-05 0.000000000000000000e+00 2.722902339653071321e-07 0.000000000000000000e+00
-5.281924878242986843e+00 -1.028444034771883175e-03 0.000000000000000000e+00 -6.963310079062591551e-05 0.000000000000000000e+00 2.598264050714504056e-07 0.000000000000000000e+00
-5.140208717525325710e+00 -1.038826560796623621e-03 0.000000000000000000e+00 -7.483630355927855724e-05 0.000000000000000000e+00 2.490101606315387416e-07 0.000000000000000000e+00
-5.022145738795820158e+00 -1.048027467557946122e-03 0.000000000000000000e+00 -7.944408337757172679e-05 0.000000000000000000e+00 2.401537684828111091e-07 0.000000000000000000e+00
-4.932004385964178894e+00 -1.055411751046942976e-03 0.000000000000000000e+00 -8.314003724602300456e-05 0.000000000000000000e+00 2.334900587558972648e-07 0.000000000000000000e+00
-4.873050036095955662e+00 -1.060417887151501913e-03 0.000000000000000000e+00 -8.564469079859247751e-05 0.000000000000000000e+00 2.291791366042136754e-07 0.000000000000000000e+00
-4.847605544981673731e+00 -1.062623064930605333e-03 0.000000000000000000e+00 -8.674772928750594254e-05 0.000000000000000000e+00 2.273303202409870484e-07 0.000000000000000000e+00
-4.847605544981673731e+00 -1.062623064930605333e-03 0.000000000000000000e+00 -8.674772928750594254e-05 0.000000000000000000e+00 2.273303202409870484e-07 0.000000000000000000e+00
-4.822161053867391800e+00 -1.064855642853521035e-03 0.000000000000000000e+00 -8.786432108175209891e-05 0.000000000000000000e+00 2.254886758661279557e-07 0.000000000000000000e+00
-4.763206703999168568e+00 -1.070135889956266070e-03 0.000000000000000000e+00 -9.050456091642699360e-05 0.000000000000000000e+00 2.212494889822740077e-07 0.000000000000000000e+00
-4.673065351167527304e+00 -1.078508858201912037e-03 0.000000000000000000e+00 -9.468954329793443335e-05 0.000000000000000000e+00 2.148443188844322876e-07 0.000000000000000000e+00
-4.555002372438021752e+00 -1.090050139025628643e-03 0.000000000000000000e+00 -1.004548402024228921e-04 0.000000000000000000e+00 2.065986813535372223e-07 0.000000000000000000e+00
-4.413286211720360619e+00 -1.104819981540602859e-03 0.000000000000000000e+00 -1.078276028599282476e-04 0.000000000000000000e+00 1.969226584942741643e-07 0.000000000000000000e+00
-4.253039255509098560e+00 -1.122817934583149498e-03 0.000000000000000000e+00 -1.168039913869281982e-04 0.000000000000000000e+00 1.862820053687621910e-07 0.000000000000000000e+00
-4.080053402586686140e+00 -1.143923346062785664e-03 0.000000000000000000e+00 -1.273196664790949813e-04 0.000000000000000000e+00 1.751642272435271296e-07 0.000000000000000000e+00
-3.900580891543028006e+00 -1.167826300845300992e-03 0.000000000000000000e+00 -1.392157361774709948e-04 0.000000000000000000e+00 1.640440229834344844e-07 0.000000000000000000e+00
-3.721108380499371204e+00 -1.193960397104310359e-03 0.000000000000000000e+00 -1.522059604693408170e-04 0.000000000000000000e+00 1.533534478003218235e-07 0.000000000000000000e+00
-3.548122527576957896e+00 -1.221453665908469157e-03 0.000000000000000000e+00 -1.658533950245050627e-04 0.000000000000000000e+00 1.434609499457604774e-07 0.000000000000000000e+00
-3.387875571365695837e+00 -1.249115526947777157e-03 0.000000000000000000e+00 -1.795652679614168014e-04 0.000000000000000000e+00 1.346605692779819879e-07 0.000000000000000000e+00
-3.246159410648035148e+00 -1.275476852467998532e-03 0.000000000000000000e+00 -1.926141984534546746e-04 0.000000000000000000e+00 1.271707694282918106e-07 0.000000000000000000e+00
-3.128096431918530040e+00 -1.298894330847308190e-03 0.000000000000000000e+00 -2.041906851987897783e-04 0.000000000000000000e+00 1.211415178393266766e-07 0.000000000000000000e+00
-3.037955079086887888e+00 -1.317716209607276874e-03 0.000000000000000000e+00 -2.134847615682532889e-04 0.000000000000000000e+00 1.166670266368620205e-07 0.000000000000000000e+00
-2.979000729218665100e+00 -1.330486910923279380e-03 0.000000000000000000e+00 -2.197853854210824842e-04 0.000000000000000000e+00 1.138009313405486458e-07 0.000000000000000000e+00
-2.953556238104383169e+00 -1.336114470911009631e-03 0.000000000000000000e+00 -2.225604220060776626e-04 0.000000000000000000e+00 1.125786588803752166e-07 0.000000000000000000e+00
-2.953556238104383169e+00 -1.336114470911009631e-03 0.000000000000000000e+00 -2.225604220060776626e-04 0.000000000000000000e+00 1.125786588803752166e-07 0.000000000000000000e+00
-2.928111746990100794e+00 -1.342727984792223836e-03 0.000000000000000000e+00 -2.258205403697056090e-04 0.000000000000000000e+00 1.111726761369416049e-07 0.000000000000000000e+00
-2.869157397121878006e+00 -1.358418893772097040e-03 0.000000000000000000e+00 -2.335505233273921482e-04 0.000000000000000000e+00 1.079622141910002051e-07 0.000000000000000000e+00
-2.779016044290237186e+00 -1.383434503957822531e-03 0.000000000000000000e+00 -2.458600564819519085e-04 0.000000000000000000e+00 1.031803408754312528e-07 0.000000000000000000e+00
-2.660953065560731190e+00 -1.418163147769695631e-03 0.000000000000000000e+00 -2.629197345153410953e-04 0.000000000000000000e+00 9.714786515379383077e-08 0.000000000000000000e+00
-2.519236904843069169e+00 -1.462979182233596588e-03 0.000000000000000000e+00 -2.848830002277250549e-04 0.000000000000000000e+00 9.024855203860077948e-08 0.000000000000000000e+00
-2.358989948631807110e+00 -1.518083502813356855e-03 0.000000000000000000e+00 -3.118065085787105335e-04 0.000000000000000000e+00 8.288938245455004487e-08 0.000000000000000000e+00
-2.186004095709395134e+00 -1.583297108109750105e-03 0.000000000000000000e+00 -3.435495427237216632e-04 0.000000000000000000e+00 7.546112039999595860e-08 0.000000000000000000e+00
-2.006531584665737000e+00 -1.657820761368415533e-03 0.000000000000000000e+00 -3.796610249179102874e-04 0.000000000000000000e+00 6.830531659712076977e-08 0.000000000000000000e+00
-1.827059073622079088e+00 -1.739993998092144098e-03 0.000000000000000000e+00 -4.192724725797935420e-04 0.000000000000000000e+00 6.169240229151350575e-08 0.000000000000000000e+00
-1.654073220699666891e+00 -1.827108180461128276e-03 0.000000000000000000e+00 -4.610242093727399395e-04 0.000000000000000000e+00 5.581306289099955373e-08 0.000000000000000000e+00
-1.493826264488405053e+00 -1.915343105021013711e-03 0.000000000000000000e+00 -5.030560245588503853e-04 0.000000000000000000e+00 5.078215252309523510e-08 0.000000000000000000e+00
-1.352110103770743033e+00 -1.999893926041122240e-03 0.000000000000000000e+00 -5.430878262862751191e-04 0.000000000000000000e+00 4.665196203324361549e-08 0.000000000000000000e+00
-1.234047125041237036e+00 -2.075326664955214322e-03 0.000000000000000000e+00 -5.785990923045065482e-04 0.000000000000000000e+00 4.343043574729408531e-08 0.000000000000000000e+00
-1.143905772209595995e+00 -2.136147024765511823e-03 0.000000000000000000e+00 -6.070913705987627564e-04 0.000000000000000000e+00 4.110011718157578442e-08 0.000000000000000000e+00
-1.084951422341372984e+00 -2.177499776573622522e-03 0.000000000000000000e+00 -6.263923847313718988e-04 0.000000000000000000e+00 3.963482997936631971e-08 0.000000000000000000e+00
-1.059506931227091053e+00 -2.195742639285145313e-03 0.000000000000000000e+00 -6.348887270875334205e-04 0.000000000000000000e+00 3.901649358272393118e-08 0.000000000000000000e+00
-1.059506931227091053e+00 -2.195742639285145313e-03 0.000000000000000000e+00 -6.348887270875334205e-04 0.000000000000000000e+00 3.901649358272393118e-08 0.000000000000000000e+00
-1.034062440112808900e+00 -2.214227768104989370e-03 0.000000000000000000e+00 -6.434864545324498440e-04 0.000000000000000000e+00 3.840653515083512250e-08 0.000000000000000000e+00
-9.751080902445861120e-01 -2.258003956552023100e-03 0.000000000000000000e+00 -6.638015515357830777e-04 0.000000000000000000e+00 3.702504548665766468e-08 0.000000000000000000e+00
-8.849667374129448483e-01 -2.327562445652259053e-03 0.000000000000000000e+00 -6.959488883898494764e-04 0.000000000000000000e+00 3.499673908909907659e-08 0.000000000000000000e+00
-7.669037586834388520e-01 -2.423661711273987322e-03 0.000000000000000000e+00 -7.400960419353005927e-04 0.000000000000000000e+00 3.248866406621141344e-08 0.000000000000000000e+00
-6.251875979657778304e-01 -2.546887290669689989e-03 0.000000000000000000e+00 -7.962561699922795447e-04 0.000000000000000000e+00 2.969046289882184350e-08 0.000000000000000000e+00
-4.649406417545159931e-01 -2.697216415051963828e-03 0.000000000000000000e+00 -8.640945817131544639e-04 0.000000000000000000e+00 2.678963909281204146e-08 0.000000000000000000e+00
-2.919547888321041840e-01 -2.873487125879494418e-03 0.000000000000000000e+00 -9.427125083207883033e-04 0.000000000000000000e+00 2.395071980969435549e-08 0.000000000000000000e+00
-1.124822777884462027e-01 -3.072826657143310110e-03 0.000000000000000000e+00 -1.030441985226854089e-03 0.000000000000000000e+00 2.130179396796541737e-08 0.000000000000000000e+00
6.699023325521125116e-02 -3.290139988582503703e-03 0.000000000000000000e+00 -1.124699398420500422e-03 0.000000000000000000e+00 1.892960875711607760e-08 0.000000000000000000e+00
2.399760861776231990e-01 -3.517795486730861988e-03 0.000000000000000000e+00 -1.221947955695810387e-03 0.000000000000000000e+00 1.688218580256147551e-08 0.000000000000000000e+00
4.002230423888851196e-01 -3.745652318100312940e-03 0.000000000000000000e+00 -1.317806851087559728e-03 0.000000000000000000e+00 1.517644738397811377e-08 0.000000000000000000e+00
5.419392031065459747e-01 -3.961537758263316937e-03 0.000000000000000000e+00 -1.407318000188335309e-03 0.000000000000000000e+00 1.380795618050692429e-08 0.000000000000000000e+00
6.600021818360519710e-01 -4.152199400352589269e-03 0.000000000000000000e+00 -1.485347336362818817e-03 0.000000000000000000e+00 1.276039974717276018e-08 0.000000000000000000e+00
7.501435346676930127e-01 -4.304644122510485095e-03 0.000000000000000000e+00 -1.547067281114213998e-03 0.000000000000000000e+00 1.201341751738560818e-08 0.000000000000000000e+00
8.090978845359160232e-01 -4.407659436718374540e-03 0.000000000000000000e+00 -1.588446757603765615e-03 0.000000000000000000e+00 1.154831919247905326e-08 0.000000000000000000e+00
8.345423756501979540e-01 -4.452945002503224878e-03 0.000000000000000000e+00 -1.606554877956411402e-03 0.000000000000000000e+00 1.135311125532224951e-08 0.000000000000000000e+00
8.345423756501979540e-01 -4.452945002503224878e-03 0.000000000000000000e+00 -1.606554877956411402e-03 0.000000000000000000e+00 1.135311125532224951e-08 0.000000000000000000e+00
8.599868667644797737e-01 -4.498733442791151386e-03 0.000000000000000000e+00 -1.624813529018640000e-03 0.000000000000000000e+00 1.116116128046605865e-08 0.000000000000000000e+00
9.189412166327028952e-01 -4.606778732503665971e-03 0.000000000000000000e+00 -1.667698557348403767e-03 0.000000000000000000e+00 1.072865569898372830e-08 0.000000000000000000e+00
1.009082569464343937e+00 -4.777354199965009977e-03 0.000000000000000000e+00 -1.734843459525438119e-03 0.000000000000000000e+00 1.009923296712564030e-08 0.000000000000000000e+00
1.127145548193849933e+00 -5.010861289057202787e-03 0.000000000000000000e+00 -1.825681141950617065e-03 0.000000000000000000e+00 9.329968090475388724e-09 0.000000000000000000e+00
1.268861708911511954e+00 -5.306793215864267187e-03 0.000000000000000000e+00 -1.939078201871255284e-03 0.000000000000000000e+00 8.483206437332127017e-09 0.000000000000000000e+00
1.429108665122774013e+00 -5.662809520451728140e-03 0.000000000000000000e+00 -2.073062907879931471e-03 0.000000000000000000e+00 7.617657635291712944e-09 0.000000000000000000e+00
1.602094518045185989e+00 -6.073720324264588605e-03 0.000000000000000000e+00 -2.224579761099001497e-03 0.000000000000000000e+00 6.781909499491805925e-09 0.000000000000000000e+00
1.781567029088843901e+00 -6.530534415309642744e-03 0.000000000000000000e+00 -2.389328137689611473e-03 0.000000000000000000e+00 6.011237118291458453e-09 0.000000000000000000e+00
1.961039540132502035e+00 -7.019780770170082861e-03 0.000000000000000000e+00 -2.561738803850561238e-03 0.000000000000000000e+00 5.327494140668206436e-09 0.000000000000000000e+00
2.134025393054913788e+00 -7.523326605856001104e-03 0.000000000000000000e+00 -2.735121592043561391e-03 0.000000000000000000e+00 4.741163698568876763e-09 0.000000000000000000e+00
2.294272349266175848e+00 -8.018872024504533624e-03 0.000000000000000000e+00 -2.901986655880920384e-03 0.000000000000000000e+00 4.254436186190282200e-09 0.000000000000000000e+00
2.435988509983837869e+00 -8.481199189070753874e-03 0.000000000000000000e+00 -3.054509457637270917e-03 0.000000000000000000e+00 3.864370634368555964e-09 0.000000000000000000e+00
2.554051488713343865e+00 -8.884110555588180247e-03 0.000000000000000000e+00 -3.185084919243279071e-03 0.000000000000000000e+00 3.565566936085221898e-09 0.000000000000000000e+00
2.644192841544985129e+00 -9.202839000982277612e-03 0.000000000000000000e+00 -3.286903835476679900e-03 0.000000000000000000e+00 3.352135222336019854e-09 0.000000000000000000e+00
2.703147191413207917e+00 -9.416580823490051239e-03 0.000000000000000000e+00 -3.354481473142267856e-03 0.000000000000000000e+00 3.218999840529080291e-09 0.000000000000000000e+00
2.728591682527489848e+00 -9.510136206756397356e-03 0.000000000000000000e+00 -3.383887117880826113e-03 0.000000000000000000e+00 3.163049911765975562e-09 0.000000000000000000e+00
2.728591682527489848e+00 -9.510136206756397356e-03 0.000000000000000000e+00 -3.383887117880826113e-03 0.000000000000000000e+00 3.163049911765975562e-09 0.000000000000000000e+00
2.754036173641771779e+00 -9.604483647058579057e-03 0.000000000000000000e+00 -3.413436508248412701e-03 0.000000000000000000e+00 3.107986824260140666e-09 0.000000000000000000e+00
2.812990523509995011e+00 -9.826147764919775443e-03 0.000000000000000000e+00 -3.482451887705819132e-03 0.000000000000000000e+00 2.983724593734490599e-09 0.000000000000000000e+00
2.903131876341635831e+00 -1.017342922287782676e-02 0.000000000000000000e+00 -3.589452201715141472e-03 0.000000000000000000e+00 2.802315520562551261e-09 0.000000000000000000e+00
3.021194855071141827e+00 -1.064379531425085901e-02 0.000000000000000000e+00 -3.732265802498895696e-03 0.000000000000000000e+00 2.579428652827595781e-09 0.000000000000000000e+00
3.162911015788802960e+00 -1.123207048007041770e-02 0.000000000000000000e+00 -3.907629236270484217e-03 0.000000000000000000e+00 2.332110963559672774e-09 0.000000000000000000e+00
3.323157972000065019e+00 -1.192906382550627808e-02 0.000000000000000000e+00 -4.111000099043598047e-03 0.000000000000000000e+00 2.076418726268589994e-09 0.000000000000000000e+00
3.496143824922476995e+00 -1.272022916003719313e-02 0.000000000000000000e+00 -4.336446781602242007e-03 0.000000000000000000e+00 1.825777217282068037e-09 0.000000000000000000e+00
3.675616335966135129e+00 -1.358461423553818971e-02 0.000000000000000000e+00 -4.576660225590186044e-03 0.000000000000000000e+00 1.590243163722553978e-09 0.000000000000000000e+00
3.855088847009791930e+00 -1.449438355860500384e-02 0.000000000000000000e+00 -4.823116693808259664e-03 0.000000000000000000e+00 1.376549395506084051e-09 0.000000000000000000e+00
4.028074699932204794e+00 -1.541515910121853822e-02 0.000000000000000000e+00 -5.066394379667741796e-03 0.000000000000000000e+00 1.188653447700093882e-09 0.000000000000000000e+00
4.188321656143465965e+00 -1.630732090842022461e-02 0.000000000000000000e+00 -5.296620586251659345e-03 0.000000000000000000e+00 1.028491813802631405e-09 0.000000000000000000e+00
4.330037816861127098e+00 -1.712825929423231891e-02 0.000000000000000000e+00 -5.504006567223608017e-03 0.000000000000000000e+00 8.967146980008628099e-10 0.000000000000000000e+00
4.448100795590634426e+00 -1.783540079756259014e-02 0.000000000000000000e+00 -5.679417095767364497e-03 0.000000000000000000e+00 7.932767891032686405e-10 0.000000000000000000e+00
4.538242148422273914e+00 -1.838967557678214057e-02 0.000000000000000000e+00 -5.814920824931494106e-03 0.000000000000000000e+00 7.178477757052246926e-10 0.000000000000000000e+00
4.597196498290497146e+00 -1.875896913611536931e-02 0.000000000000000000e+00 -5.904268675066893721e-03 0.000000000000000000e+00 6.700646946304530160e-10 0.000000000000000000e+00
4.622640989404779077e+00 -1.892002159569336484e-02 0.000000000000000000e+00 -5.943006053254894228e-03 0.000000000000000000e+00 6.498032454669544679e-10 0.000000000000000000e+00
4.622640989404779077e+00 -1.892002159569336484e-02 0.000000000000000000e+00 -5.943006053254894228e-03 0.000000000000000000e+00 6.498032454669544679e-10 0.000000000000000000e+00
4.648085480519061008e+00 -1.908208222808531820e-02 0.000000000000000000e+00 -5.981848248908926136e-03 0.000000000000000000e+00 6.297536166460315125e-10 0.000000000000000000e+00
4.707039830387284240e+00 -1.946145972380924904e-02 0.000000000000000000e+00 -6.072244527575085260e-03 0.000000000000000000e+00 5.840899613273060298e-10 0.000000000000000000e+00
4.797181183218926392e+00 -2.005207854824780575e-02 0.000000000000000000e+00 -6.211527319256316369e-03 0.000000000000000000e+00 5.163109677056062536e-10 0.000000000000000000e+00
4.915244161948431056e+00 -2.084508177171224413e-02 0.000000000000000000e+00 -6.395868043320996829e-03 0.000000000000000000e+00 4.310162649997929825e-10 0.000000000000000000e+00
5.056960322666093077e+00 -2.182634102550137789e-02 0.000000000000000000e+00 -6.619936994341177848e-03 0.000000000000000000e+00 3.333814676666039599e-10 0.000000000000000000e+00
5.217207278877355137e+00 -2.297493960858470671e-02 0.000000000000000000e+00 -6.876870924899183488e-03 0.000000000000000000e+00 2.285548369432516835e-10 0.000000000000000000e+00
5.390193131799767556e+00 -2.426186751638764391e-02 0.000000000000000000e+00 -7.158331634513986907e-03 0.000000000000000000e+00 1.212288462461539808e-10 0.000000000000000000e+00
5.569665642843425246e+00 -2.564923972736476293e-02 0.000000000000000000e+00 -7.454677988770720513e-03 0.000000000000000000e+00 1.542841992020603938e-11 0.000000000000000000e+00
5.749138153887082936e+00 -2.709034317766127395e-02 0.000000000000000000e+00 -7.755260277023142204e-03 0.000000000000000000e+00 -8.551634277523601011e-11 0.000000000000000000e+00
5.922124006809495356e+00 -2.853073196714281390e-02 0.000000000000000000e+00 -8.048826136351548352e-03 0.000000000000000000e+00 -1.788833864504013267e-10 0.000000000000000000e+00
6.082370963020757415e+00 -2.991044973904052537e-02 0.000000000000000000e+00 -8.324010434817506396e-03 0.000000000000000000e+00 -2.624320057726764729e-10 0.000000000000000000e+00
6.224087123738419436e+00 -3.116728590950915145e-02 0.000000000000000000e+00 -8.569870845954990352e-03 0.000000000000000000e+00 -3.342913916788380465e-10 0.000000000000000000e+00
6.342150102467924988e+00 -3.224079901744764109e-02 0.000000000000000000e+00 -8.776427051672119548e-03 0.000000000000000000e+00 -3.928929617286078478e-10 0.000000000000000000e+00
6.432291455299566252e+00 -3.307669563147171143e-02 0.000000000000000000e+00 -8.935163028680175729e-03 0.000000000000000000e+00 -4.369502678158739904e-10 0.000000000000000000e+00
6.491245805167788596e+00 -3.363103621599614762e-02 0.000000000000000000e+00 -9.039451677815025024e-03 0.000000000000000000e+00 -4.654732863544606376e-10 0.000000000000000000e+00
6.516690296282071415e+00 -3.387216015414046266e-02 0.000000000000000000e+00 -9.084575970989772209e-03 0.000000000000000000e+00 -4.777170043065668175e-10 0.000000000000000000e+00
6.516690296282071415e+00 -3.387216015414046266e-02 0.000000000000000000e+00 -9.084575970989772209e-03 0.000000000000000000e+00 -4.777170043065668175e-10 0.000000000000000000e+00
6.542134787396353346e+00 -3.411441472409156711e-02 0.000000000000000000e+00 -9.129768193728156692e-03 0.000000000000000000e+00 -4.899221388877930277e-10 0.000000000000000000e+00
6.601089137264576578e+00 -3.468006416473212727e-02 0.000000000000000000e+00 -9.234736317004438658e-03 0.000000000000000000e+00 -5.180590504047893888e-10 0.000000000000000000e+00
6.691230490096217842e+00 -3.555672055018446048e-02 0.000000000000000000e+00 -9.395921670753627775e-03 0.000000000000000000e+00 -5.607220366963326493e-10 0.000000000000000000e+00
6.809293468825723394e+00 -3.672653317091714026e-02 0.000000000000000000e+00 -9.608267243104755273e-03 0.000000000000000000e+00 -6.160124289660739632e-10 0.000000000000000000e+00
6.951009629543385415e+00 -3.816320132356088718e-02 0.000000000000000000e+00 -9.864948033178992659e-03 0.000000000000000000e+00 -6.816244239695167292e-10 0.000000000000000000e+00
7.111256585754646586e+00 -3.983062292533071092e-02 0.000000000000000000e+00 -1.015746814398376004e-02 0.000000000000000000e+00 -7.550035819270224979e-10 0.000000000000000000e+00
7.284242438677058118e+00 -4.168193321313300864e-02 0.000000000000000000e+00 -1.047584738298843951e-02 0.000000000000000000e+00 -8.334693411935221285e-10 0.000000000000000000e+00
7.463714949720715808e+00 -4.365925483858303091e-02 0.000000000000000000e+00 -1.080890269066196556e-02 0.000000000000000000e+00 -9.142933461536515999e-10 0.000000000000000000e+00
7.643187460764372609e+00 -4.569445366498884470e-02 0.000000000000000000e+00 -1.114462218244273266e-02 0.000000000000000000e+00 -9.947449101798524057e-10 0.000000000000000000e+00
7.816173313686785917e+00 -4.771107998672722422e-02 0.000000000000000000e+00 -1.147061659927140626e-02 0.000000000000000000e+00 -1.072124201200948077e-09 0.000000000000000000e+00
7.976420269898047088e+00 -4.962751414514520593e-02 0.000000000000000000e+00 -1.177462243162732784e-02 0.000000000000000000e+00 -1.143803242718397023e-09 0.000000000000000000e+00
8.118136430615708221e+00 -5.136115569642866335e-02 0.000000000000000000e+00 -1.204502490465417762e-02 0.000000000000000000e+00 -1.207287027940408038e-09 0.000000000000000000e+00
8.236199409345214661e+00 -5.283332598710523131e-02 0.000000000000000000e+00 -1.227136750918974249e-02 0.000000000000000000e+00 -1.260297096654484956e-09 0.000000000000000000e+00
8.326340762176855037e+00 -5.397442028802691694e-02 0.000000000000000000e+00 -1.244481646008051626e-02 0.000000000000000000e+00 -1.300870967538496256e-09 0.000000000000000000e+00
8.385295112045078270e+00 -5.472873238977409710e-02 0.000000000000000000e+00 -1.255854656156082071e-02 0.000000000000000000e+00 -1.327462899074663632e-09 0.000000000000000000e+00
8.410739603159360200e+00 -5.505624968380948281e-02 0.000000000000000000e+00 -1.260770203125242440e-02 0.000000000000000000e+00 -1.338954831619207313e-09 0.000000000000000000e+00
8.410739603159360200e+00 -5.505624968380948281e-02 0.000000000000000000e+00 -1.260770203125242440e-02 0.000000000000000000e+00 -1.338954831619207313e-09 0.000000000000000000e+00
8.436184094273642131e+00 -5.538494854253245975e-02 0.000000000000000000e+00 -1.265689927005822155e-02 0.000000000000000000e+00 -1.350456263470310730e-09 0.000000000000000000e+00
8.495138444141865364e+00 -5.615107899007800579e-02 0.000000000000000000e+00 -1.277104717555250547e-02 0.000000000000000000e+00 -1.377143160694665324e-09 0.000000000000000000e+00
8.585279796973505739e+00 -5.733477008494827082e-02 0.000000000000000000e+00 -1.294600227846730116e-02 0.000000000000000000e+00 -1.418058608095480925e-09 0.000000000000000000e+00
8.703342775703012180e+00 -5.890758442641635950e-02 0.000000000000000000e+00 -1.317590512884255632e-02 0.000000000000000000e+00 -1.471871282775741775e-09 0.000000000000000000e+00
8.845058936420674200e+00 -6.082918748656765406e-02 0.000000000000000000e+00 -1.345296284002732608e-02 0.000000000000000000e+00 -1.536837183013498681e-09 0.000000000000000000e+00
9.005305892631936260e+00 -6.304637601555181103e-02 0.000000000000000000e+00 -1.376763434643070959e-02 0.000000000000000000e+00 -1.610841836147358237e-09 0.000000000000000000e+00
9.178291745554348680e+00 -6.549265875987204943e-02 0.000000000000000000e+00 -1.410890145235679793e-02 0.000000000000000000e+00 -1.691444582411596308e-09 0.000000000000000000e+00
9.357764256598006369e+00 -6.808869165772234167e-02 0.000000000000000000e+00 -1.446461988506067206e-02 0.000000000000000000e+00 -1.775926559744804924e-09 0.000000000000000000e+00
9.537236767641664059e+00 -7.074383392930221059e-02 0.000000000000000000e+00 -1.482194174671103669e-02 0.000000000000000000e+00 -1.861349648067684045e-09 0.000000000000000000e+00
9.710222620564076479e+00 -7.335896128765201363e-02 0.000000000000000000e+00 -1.516779240133463331e-02 0.000000000000000000e+00 -1.944634305663712541e-09 0.000000000000000000e+00
9.870469576775338538e+00 -7.583050285925335698e-02 0.000000000000000000e+00 -1.548937820118207256e-02 0.000000000000000000e+00 -2.022661222741897534e-09 0.000000000000000000e+00
1.001218573749300056e+01 -7.805548843806689452e-02 0.000000000000000000e+00 -1.577469794230530742e-02 0.000000000000000000e+00 -2.092396495167510414e-09 0.000000000000000000e+00
1.013024871622251055e+01 -7.993723056440894814e-02 0.000000000000000000e+00 -1.601303054465346570e-02 0.000000000000000000e+00 -2.151033974508065547e-09 0.000000000000000000e+00
1.022039006905414915e+01 -8.139114280128380285e-02 0.000000000000000000e+00 -1.619537304643488621e-02 0.000000000000000000e+00 -2.196143202831439665e-09 0.000000000000000000e+00
1.027934441892237061e+01 -8.235008311749358878e-02 0.000000000000000000e+00 -1.631479995854370757e-02 0.000000000000000000e+00 -2.225807276077434335e-09 0.000000000000000000e+00
1.030478891003665076e+01 -8.276592474691465973e-02 0.000000000000000000e+00 -1.636638527023203185e-02 0.000000000000000000e+00 -2.238650105805143974e-09 0.000000000000000000e+00
1.030478891003665076e+01 -8.276592474337340910e-02 0.000000000000000000e+00 2.459287557242932978e-02 0.000000000000000000e+00 -2.238650425604343170e-09 0.000000000000000000e+00
1.033023340115092914e+01 -8.214321750438782765e-02 0.000000000000000000e+00 2.436138165904810568e-02 0.000000000000000000e+00 -2.251517473495578618e-09 0.000000000000000000e+00
1.038918775101915948e+01 -8.072352643667612959e-02 0.000000000000000000e+00 2.383512389323061073e-02 0.000000000000000000e+00 -2.281423794082086584e-09 0.000000000000000000e+00
1.047932910385079985e+01 -7.861359054852248840e-02 0.000000000000000000e+00 2.305696338204197074e-02 0.000000000000000000e+00 -2.327405946964042302e-09 0.000000000000000000e+00
1.059739208258029919e+01 -7.595682829285552162e-02 0.000000000000000000e+00 2.208402547051052656e-02 0.000000000000000000e+00 -2.388104572217819229e-09 0.000000000000000000e+00
1.073910824329795943e+01 -7.291942862543927817e-02 0.000000000000000000e+00 2.098140591731634252e-02 0.000000000000000000e+00 -2.461684380486068071e-09 0.000000000000000000e+00
1.089935519950923037e+01 -6.967201124329175377e-02 0.000000000000000000e+00 1.981443228251282551e-02 0.000000000000000000e+00 -2.545849627449257947e-09 0.000000000000000000e+00
1.107234105243163924e+01 -6.637423679750131811e-02 0.000000000000000000e+00 1.864245124773553780e-02 0.000000000000000000e+00 -2.637875031222819840e-09 0.000000000000000000e+00
1.125181356347530048e+01 -6.316432008671003795e-02 0.000000000000000000e+00 1.751491584667409090e-02 0.000000000000000000e+00 -2.734656641950053964e-09 0.000000000000000000e+00
1.143128607451894929e+01 -6.015383442973699230e-02 0.000000000000000000e+00 1.646981669252094160e-02 0.000000000000000000e+00 -2.832788546528948368e-09 0.000000000000000000e+00
1.160427192744137059e+01 -5.742706046913655799e-02 0.000000000000000000e+00 1.553400708319622146e-02 0.000000000000000000e+00 -2.928669119805507286e-09 0.000000000000000000e+00
1.176451888365263088e+01 -5.504354936276036059e-02 0.000000000000000000e+00 1.472475868121707679e-02 0.000000000000000000e+00 -3.018636545816611773e-09 0.000000000000000000e+00
1.190623504437028934e+01 -5.304248106124660050e-02 0.000000000000000000e+00 1.405190175971212860e-02 0.000000000000000000e+00 -3.099128476232739986e-09 0.000000000000000000e+00
1.202429802309979934e+01 -5.144762510430089114e-02 0.000000000000000000e+00 1.352005129373311763e-02 0.000000000000000000e+00 -3.166856008110999659e-09 0.000000000000000000e+00
1.211443937593143971e+01 -5.027206706897796584e-02 0.000000000000000000e+00 1.313060403819001250e-02 0.000000000000000000e+00 -3.218978433384742230e-09 0.000000000000000000e+00
1.217339372579965939e+01 -4.952224600602966875e-02 0.000000000000000000e+00 1.288336310686716973e-02 0.000000000000000000e+00 -3.253261433551482128e-09 0.000000000000000000e+00
1.219883821691393955e+01 -4.920316341553868794e-02 0.000000000000000000e+00 1.277842983064865143e-02 0.000000000000000000e+00 -3.268105322439210906e-09 0.000000000000000000e+00
1.219883821691393955e+01 -4.920316341553868794e-02 0.000000000000000000e+00 1.277842983064865143e-02 0.000000000000000000e+00 -3.268105322439210906e-09 0.000000000000000000e+00
1.222428270802821970e+01 -4.888677639273333181e-02 0.000000000000000000e+00 1.267454874085592598e-02 0.000000000000000000e+00 -3.282977871218759635e-09 0.000000000000000000e+00
1.228323705789645004e+01 -4.816392039986498730e-02 0.000000000000000000e+00 1.243783367713459896e-02 0.000000000000000000e+00 -3.317547532164233228e-09 0.000000000000000000e+00
1.237337841072809042e+01 -4.708560124661469865e-02 0.000000000000000000e+00 1.208634889245451330e-02 0.000000000000000000e+00 -3.370703109998496135e-09 0.000000000000000000e+00
1.249144138945758975e+01 -4.572079704468740707e-02 0.000000000000000000e+00 1.164434326626791714e-02 0.000000000000000000e+00 -3.440871330207263192e-09 0.000000000000000000e+00
1.263315755017526065e+01 -4.415051701873438234e-02 0.000000000000000000e+00 1.113984664319222356e-02 0.000000000000000000e+00 -3.525920115188188507e-09 0.000000000000000000e+00
1.279340450638651916e+01 -4.245942256313934432e-02 0.000000000000000000e+00 1.060153293747782659e-02 0.000000000000000000e+00 -3.623175239228650549e-09 0.000000000000000000e+00
1.296639035930892980e+01 -4.072853127036513143e-02 0.000000000000000000e+00 1.005609913981609684e-02 0.000000000000000000e+00 -3.729459123256946187e-09 0.000000000000000000e+00
1.314586287035258927e+01 -3.902993822261662665e-02 0.000000000000000000e+00 9.526495084424900506e-03 0.000000000000000000e+00 -3.841156490047296406e-09 0.000000000000000000e+00
1.332533538139625051e+01 -3.742383994326554941e-02 0.000000000000000000e+00 9.031068156711057060e-03 0.000000000000000000e+00 -3.954311691264287299e-09 0.000000000000000000e+00
1.349832123431865938e+01 -3.595764578883726276e-02 0.000000000000000000e+00 8.583490493896801105e-03 0.000000000000000000e+00 -4.064759320554664515e-09 0.000000000000000000e+00
1.365856819052991966e+01 -3.466666802052369156e-02 0.000000000000000000e+00 8.193235615997237695e-03 0.000000000000000000e+00 -4.168285369184413294e-09 0.000000000000000000e+00
1.380028435124757991e+01 -3.357579166657641279e-02 0.000000000000000000e+00 7.866357021724770457e-03 0.000000000000000000e+00 -4.260811536667274141e-09 0.000000000000000000e+00
1.391834732997708990e+01 -3.270158042596656156e-02 0.000000000000000000e+00 7.606362009601583610e-03 0.000000000000000000e+00 -4.338591184792096231e-09 0.000000000000000000e+00
1.400848868280873027e+01 -3.205440406133657633e-02 0.000000000000000000e+00 7.415036966337404910e-03 0.000000000000000000e+00 -4.398402340216201139e-09 0.000000000000000000e+00
1.406744303267694995e+01 -3.164033605790734366e-02 0.000000000000000000e+00 7.293147089726804803e-03 0.000000000000000000e+00 -4.437719674917397077e-09 0.000000000000000000e+00
1.409288752379123011e+01 -3.146382651014237308e-02 0.000000000000000000e+00 7.241312679662582040e-03 0.000000000000000000e+00 -4.454737648308578540e-09 0.000000000000000000e+00
1.409288752379123011e+01 -3.146382651014237308e-02 0.000000000000000000e+00 7.241312679662582040e-03 0.000000000000000000e+00 -4.454737648308578540e-09 0.000000000000000000e+00
1.411833201490551915e+01 -3.128862657519098506e-02 0.000000000000000000e+00 7.189937243150071669e-03 0.000000000000000000e+00 -4.471785011041514921e-09 0.000000000000000000e+00
1.417728636477374060e+01 -3.088765894953690236e-02 0.000000000000000000e+00 7.072638712862048052e-03 0.000000000000000000e+00 -4.511396305756657193e-09 0.000000000000000000e+00
1.426742771760537920e+01 -3.028771918764078599e-02 0.000000000000000000e+00 6.897870720209582467e-03 0.000000000000000000e+00 -4.572266972000887777e-09 0.000000000000000000e+00
1.438549069633488919e+01 -2.952523273940332177e-02 0.000000000000000000e+00 6.677048131960698109e-03 0.000000000000000000e+00 -4.652549894478123556e-09 0.000000000000000000e+00
1.452720685705254944e+01 -2.864345771207298802e-02 0.000000000000000000e+00 6.423526712507229147e-03 0.000000000000000000e+00 -4.749750966777622013e-09 0.000000000000000000e+00
1.468745381326380972e+01 -2.768827098247137602e-02 0.000000000000000000e+00 6.151191509415163995e-03 0.000000000000000000e+00 -4.860756774496929720e-09 0.000000000000000000e+00
1.486043966618622036e+01 -2.670438541632808374e-02 0.000000000000000000e+00 5.873237374704133942e-03 0.000000000000000000e+00 -4.981888904716882992e-09 0.000000000000000000e+00
1.503991217722987983e+01 -2.573248133610168964e-02 0.000000000000000000e+00 5.601298888826615821e-03 0.000000000000000000e+00 -5.108988774873549496e-09 0.000000000000000000e+00
1.521938468827353930e+01 -2.480743758624402717e-02 0.000000000000000000e+00 5.344975203337656681e-03 0.000000000000000000e+00 -5.237536641122545317e-09 0.000000000000000000e+00
1.539237054119594994e+01 -2.395760653518620026e-02 0.000000000000000000e+00 5.111709448521053502e-03 0.000000000000000000e+00 -5.362804903325806667e-09 0.000000000000000000e+00
1.555261749740721022e+01 -2.320492180292630865e-02 0.000000000000000000e+00 4.906932791140108420e-03 0.000000000000000000e+00 -5.480041411377875180e-09 0.000000000000000000e+00
1.569433365812487047e+01 -2.256556342005306207e-02 0.000000000000000000e+00 4.734369083460264298e-03 0.000000000000000000e+00 -5.584674056543081734e-09 0.000000000000000000e+00
1.581239663685438046e+01 -2.205091248385819200e-02 0.000000000000000000e+00 4.596406915393476227e-03 0.000000000000000000e+00 -5.672524196689494423e-09 0.000000000000000000e+00
1.590253798968602084e+01 -2.166857689683904589e-02 0.000000000000000000e+00 4.494469155911356810e-03 0.000000000000000000e+00 -5.740013796292390259e-09 0.000000000000000000e+00
1.596149233955424052e+01 -2.142334556116756716e-02 0.000000000000000000e+00 4.429338413949210525e-03 0.000000000000000000e+00 -5.784347779783081213e-09 0.000000000000000000e+00
1.598693683066852955e+01 -2.131866131624392258e-02 0.000000000000000000e+00 4.401596082147847359e-03 0.000000000000000000e+00 -5.803529593321780479e-09 0.000000000000000000e+00
1.598693683066852955e+01 -2.131866131624392258e-02 0.000000000000000000e+00 4.401596082147847359e-03 0.000000000000000000e+00 -5.803529593321780479e-09 0.000000000000000000e+00
1.601238132178281148e+01 -2.121466638974997890e-02 0.000000000000000000e+00 4.374072566111948668e-03 0.000000000000000000e+00 -5.822739975582820383e-09 0.000000000000000000e+00
1.607133567165103116e+01 -2.097633035285891359e-02 0.000000000000000000e+00 4.311130700896589722e-03 0.000000000000000000e+00 -5.867359712331315957e-09 0.000000000000000000e+00
1.616147702448267154e+01 -2.061885559874888224e-02 0.000000000000000000e+00 4.217085606139126495e-03 0.000000000000000000e+00 -5.935879261308687815e-09 0.000000000000000000e+00
1.627954000321217976e+01 -2.016299442045099352e-02 0.000000000000000000e+00 4.097792148192322403e-03 0.000000000000000000e+00 -6.026162943388181077e-09 0.000000000000000000e+00
1.642125616392984000e+01 -1.963362214048896409e-02 0.000000000000000000e+00 3.960171528623702281e-03 0.000000000000000000e+00 -6.135340687389959381e-09 0.000000000000000000e+00
1.658150312014110028e+01 -1.905744376755590108e-02 0.000000000000000000e+00 3.811517846017256194e-03 0.000000000000000000e+00 -6.259850410509804248e-09 0.000000000000000000e+00
1.675448897306350915e+01 -1.846088232098840390e-02 0.000000000000000000e+00 3.658882033635736577e-03 0.000000000000000000e+00 -6.395510588214741905e-09 0.000000000000000000e+00
1.693396148410716862e+01 -1.786841598573072482e-02 0.000000000000000000e+00 3.508612575137183033e-03 0.000000000000000000e+00 -6.537625636602521391e-09 0.000000000000000000e+00
1.711343399515083163e+01 -1.730148244456876025e-02 0.000000000000000000e+00 3.366081820443035059e-03 0.000000000000000000e+00 -6.681126534609672119e-09 0.000000000000000000e+00
1.728641984807324050e+01 -1.677794376094531026e-02 0.000000000000000000e+00 3.235586081811416947e-03 0.000000000000000000e+00 -6.820745511491845155e-09 0.000000000000000000e+00
1.744666680428450078e+01 -1.631201838878303806e-02 0.000000000000000000e+00 3.120382027357025603e-03 0.000000000000000000e+00 -6.951219319907051142e-09 0.000000000000000000e+00
1.758838296500216103e+01 -1.591454441789458274e-02 0.000000000000000000e+00 3.022812004913192838e-03 0.000000000000000000e+00 -7.067511456812143133e-09 0.000000000000000000e+00
1.770644594373166925e+01 -1.559343304646269336e-02 0.000000000000000000e+00 2.944473140530572824e-03 0.000000000000000000e+00 -7.165040309069066369e-09 0.000000000000000000e+00
1.779658729656330962e+01 -1.535419069840599990e-02 0.000000000000000000e+00 2.886394158810922771e-03 0.000000000000000000e+00 -7.239897867201306376e-09 0.000000000000000000e+00
1.785554164643153996e+01 -1.520042595992226499e-02 0.000000000000000000e+00 2.849196861069092351e-03 0.000000000000000000e+00 -7.289040288526270761e-09 0.000000000000000000e+00
1.788098613754581834e+01 -1.513471140590605390e-02 0.000000000000000000e+00 2.833331329080005997e-03 0.000000000000000000e+00 -7.310294848559096338e-09 0.000000000000000000e+00
1.788098613754581834e+01 -1.513471140590605390e-02 0.000000000000000000e+00 2.833331329080005997e-03 0.000000000000000000e+00 -7.310294848559096338e-09 0.000000000000000000e+00
1.790643062866010027e+01 -1.506938451157108921e-02 0.000000000000000000e+00 2.817578183329476002e-03 0.000000000000000000e+00 -7.331576424725362105e-09 0.000000000000000000e+00
1.796538497852831995e+01 -1.491949750743947097e-02 0.000000000000000000e+00 2.781505098205305088e-03 0.000000000000000000e+00 -7.380989070312826017e-09 0.000000000000000000e+00
1.805552633135996032e+01 -1.469423545780659118e-02 0.000000000000000000e+00 2.727479520629377385e-03 0.000000000000000000e+00 -7.456820613531426696e-09 0.000000000000000000e+00
1.817358931008946854e+01 -1.440617920614976379e-02 0.000000000000000000e+00 2.658726475458470483e-03 0.000000000000000000e+00 -7.556650822419066841e-09 0.000000000000000000e+00
1.831530547080712878e+01 -1.407052772644361814e-02 0.000000000000000000e+00 2.579091905516059640e-03 0.000000000000000000e+00 -7.677241350085273913e-09 0.000000000000000000e+00
1.847555242701838907e+01 -1.370376579657005441e-02 0.000000000000000000e+00 2.492676035030209295e-03 0.000000000000000000e+00 -7.814594053043413830e-09 0.000000000000000000e+00
1.864853827994080859e+01 -1.332241060916426571e-02 0.000000000000000000e+00 2.403499820718358205e-03 0.000000000000000000e+00 -7.964042550398559318e-09 0.000000000000000000e+00
1.882801079098446095e+01 -1.294199378016381782e-02 0.000000000000000000e+00 2.315247191228735416e-03 0.000000000000000000e+00 -8.120378188170651235e-09 0.000000000000000000e+00
1.900748330202812042e+01 -1.257635532284482292e-02 0.000000000000000000e+00 2.231101015278963949e-03 0.000000000000000000e+00 -8.278011564265130964e-09 0.000000000000000000e+00
1.918046915495052929e+01 -1.223725713387513632e-02 0.000000000000000000e+00 2.153670123474470989e-03 0.000000000000000000e+00 -8.431167244969865793e-09 0.000000000000000000e+00
1.934071611116178957e+01 -1.193427273027830582e-02 0.000000000000000000e+00 2.084990747104116526e-03 0.000000000000000000e+00 -8.574105193046733003e-09 0.000000000000000000e+00
1.948243227187944981e+01 -1.167488206502118563e-02 0.000000000000000000e+00 2.026579313574040139e-03 0.000000000000000000e+00 -8.701358566442605827e-09 0.000000000000000000e+00
1.960049525060896158e+01 -1.146469295235732003e-02 0.000000000000000000e+00 1.979513311647788324e-03 0.000000000000000000e+00 -8.807974502676847785e-09 0.000000000000000000e+00
1.969063660344059841e+01 -1.130771808281531669e-02 0.000000000000000000e+00 1.944520629078559572e-03 0.000000000000000000e+00 -8.889742474605720138e-09 0.000000000000000000e+00
1.974959095330882164e+01 -1.120665661095089811e-02 0.000000000000000000e+00 1.922064123642893037e-03 0.000000000000000000e+00 -8.943391436731105750e-09 0.000000000000000000e+00
1.977503544442310002e+01 -1.116342461983957368e-02 0.000000000000000000e+00 1.912475047079410751e-03 0.000000000000000000e+00 -8.966587809742072797e-09 0.000000000000000000e+00
1.977503544442310002e+01 -1.116342461983957368e-02 0.000000000000000000e+00 1.912475047079410751e-03 0.000000000000000000e+00 -8.966587809742072797e-09 0.000000000000000000e+00
1.980047993553738905e+01 -1.112042301915529448e-02 0.000000000000000000e+00 1.902947430099344263e-03 0.000000000000000000e+00 -8.989809267550431024e-09 0.000000000000000000e+00
1.985943428540560873e+01 -1.102166610422867024e-02 0.000000000000000000e+00 1.881105703976330675e-03 0.000000000000000000e+00 -9.043709136255739540e-09 0.000000000000000000e+00
1.994957563823724911e+01 -1.087299944311697145e-02 0.000000000000000000e+00 1.848329517113989334e-03 0.000000000000000000e+00 -9.126381468899214311e-09 0.000000000000000000e+00
2.006763861696676088e+01 -1.068245212260573312e-02 0.000000000000000000e+00 1.806504507971547213e-03 0.000000000000000000e+00 -9.235134273017116399e-09 0.000000000000000000e+00
2.020935477768442112e+01 -1.045978892679275130e-02 0.000000000000000000e+00 1.757896331941839578e-03 0.000000000000000000e+00 -9.366378892024543875e-09 0.000000000000000000e+00
2.036960173389568141e+01 -1.021569299881134284e-02 0.000000000000000000e+00 1.704944413494932209e-03 0.000000000000000000e+00 -9.515704417342075517e-09 0.000000000000000000e+00
2.054258758681809027e+01 -9.960982677309722366e-03 0.000000000000000000e+00 1.650070452765576776e-03 0.000000000000000000e+00 -9.677988027223175888e-09 0.000000000000000000e+00
2.072206009786174974e+01 -9.705958753972104142e-03 0.000000000000000000e+00 1.595525944295768297e-03 0.000000000000000000e+00 -9.847540889274370002e-09 0.000000000000000000e+00
2.090153260890540921e+01 -9.459932828294954216e-03 0.000000000000000000e+00 1.543290005037656820e-03 0.000000000000000000e+00 -1.001828950650654189e-08 0.000000000000000000e+00
2.107451846182782162e+01 -9.230947212301989988e-03 0.000000000000000000e+00 1.495017708786276810e-03 0.000000000000000000e+00 -1.018398901029799186e-08 0.000000000000000000e+00
2.123476541803907836e+01 -9.025665789528677235e-03 0.000000000000000000e+00 1.452031170518883196e-03 0.000000000000000000e+00 -1.033846103771256971e-08 0.000000000000000000e+00
2.137648157875673860e+01 -8.849396670312469418e-03 0.000000000000000000e+00 1.415341495237568484e-03 0.000000000000000000e+00 -1.047584528899826885e-08 0.000000000000000000e+00
2.149454455748625037e+01 -8.706200855462205290e-03 0.000000000000000000e+00 1.385688920654545809e-03 0.000000000000000000e+00 -1.059085115851842179e-08 0.000000000000000000e+00
2.158468591031789074e+01 -8.599043646937870253e-03 0.000000000000000000e+00 1.363589991684967338e-03 0.000000000000000000e+00 -1.067899409242411645e-08 0.000000000000000000e+00
2.164364026018611042e+01 -8.529956726137712456e-03 0.000000000000000000e+00 1.349383902215531023e-03 0.000000000000000000e+00 -1.073679795219827358e-08 0.000000000000000000e+00
2.166908475130039946e+01 -8.500379050399291259e-03 0.000000000000000000e+00 1.343311995447929626e-03 0.000000000000000000e+00 -1.076178402326695412e-08 0.000000000000000000e+00
2.166908475130039946e+01 -8.500379050399291259e-03 0.000000000000000000e+00 1.343311995447929626e-03 0.000000000000000000e+00 -1.076178402326695412e-08 0.000000000000000000e+00
2.169452924241468139e+01 -8.470944819421080685e-03 0.000000000000000000e+00 1.337275536233922466e-03 0.000000000000000000e+00 -1.078679304096841387e-08 0.000000000000000000e+00
2.175348359228290107e+01 -8.403292741302489585e-03 0.000000000000000000e+00 1.323424024498272679e-03 0.000000000000000000e+00 -1.084482642079971764e-08 0.000000000000000000e+00
2.184362494511454145e+01 -8.301308145168514660e-03 0.000000000000000000e+00 1.302603418299368501e-03 0.000000000000000000e+00 -1.093379663224778856e-08 0.000000000000000000e+00
2.196168792384404966e+01 -8.170340065867956816e-03 0.000000000000000000e+00 1.275973148567116633e-03 0.000000000000000000e+00 -1.105075724509294990e-08 0.000000000000000000e+00
2.210340408456170991e+01 -8.016931150906786777e-03 0.000000000000000000e+00 1.244935400147162332e-03 0.000000000000000000e+00 -1.119179261215301560e-08 0.000000000000000000e+00
2.226365104077297019e+01 -7.848292723372589028e-03 0.000000000000000000e+00 1.211012815912199374e-03 0.000000000000000000e+00 -1.135210799005265784e-08 0.000000000000000000e+00
2.243663689369537906e+01 -7.671793726301767528e-03 0.000000000000000000e+00 1.175732926209704715e-03 0.000000000000000000e+00 -1.152615796437169735e-08 0.000000000000000000e+00
2.261610940473903852e+01 -7.494525310247608998e-03 0.000000000000000000e+00 1.140533756772660811e-03 0.000000000000000000e+00 -1.170781128311769939e-08 0.000000000000000000e+00
2.279558191578270154e+01 -7.322975456340698533e-03 0.000000000000000000e+00 1.106697882493695110e-03 0.000000000000000000e+00 -1.189055072261868586e-08 0.000000000000000000e+00
2.296856776870511041e+01 -7.162823481636488090e-03 0.000000000000000000e+00 1.075315901557043078e-03 0.000000000000000000e+00 -1.206770342275852196e-08 0.000000000000000000e+00
2.312881472491637069e+01 -7.018844561513754542e-03 0.000000000000000000e+00 1.047275580023415004e-03 0.000000000000000000e+00 -1.223269353673647007e-08 0.000000000000000000e+00
2.327053088563403094e+01 -6.894901824861607124e-03 0.000000000000000000e+00 1.023270236998262113e-03 0.000000000000000000e+00 -1.237930583277720490e-08 0.000000000000000000e+00
2.338859386436353915e+01 -6.793998199824779864e-03 0.000000000000000000e+00 1.003819149367654725e-03 0.000000000000000000e+00 -1.250194652382330245e-08 0.000000000000000000e+00
2.347873521719517953e+01 -6.718360679408554199e-03 0.000000000000000000e+00 9.892933513510398721e-04 0.000000000000000000e+00 -1.259588614201820178e-08 0.000000000000000000e+00
2.353768956706340987e+01 -6.669536229394632844e-03 0.000000000000000000e+00 9.799420031904079297e-04 0.000000000000000000e+00 -1.265746589817140813e-08 0.000000000000000000e+00
2.356313405817768825e+01 -6.648619119069157889e-03 0.000000000000000000e+00 9.759418164124060218e-04 0.000000000000000000e+00 -1.268407790098017889e-08 0.000000000000000000e+00
2.356313405817768825e+01 -6.648619119069153552e-03 0.000000000000000000e+00 9.759418164124052629e-04 0.000000000000000000e+00 -1.268407790097919124e-08 0.000000000000000000e+00
2.358857854929197018e+01 -6.623847046228721787e-03 0.000000000000000000e+00 9.712091317633113124e-04 0.000000000000000000e+00 -1.271577538930687481e-08 0.000000000000000000e+00
2.364753289916018986e+01 -6.566910843441506329e-03 0.000000000000000000e+00 9.603510138370531610e-04 0.000000000000000000e+00 -1.278938316614058516e-08 0.000000000000000000e+00
2.373767425199183023e+01 -6.481081470764903270e-03 0.000000000000000000e+00 9.440344648353346741e-04 0.000000000000000000e+00 -1.290237640466053694e-08 0.000000000000000000e+00
2.385573723072133845e+01 -6.370863013745608865e-03 0.000000000000000000e+00 9.231735036978927543e-04 0.000000000000000000e+00 -1.305118711392112772e-08 0.000000000000000000e+00
2.399745339143899869e+01 -6.241765684097383589e-03 0.000000000000000000e+00 8.988726955192011476e-04 0.000000000000000000e+00 -1.323103580999866740e-08 0.000000000000000000e+00
2.415770034765025898e+01 -6.099863750241407701e-03 0.000000000000000000e+00 8.723301480608349054e-04 0.000000000000000000e+00 -1.343601047648479743e-08 0.000000000000000000e+00
2.433068620057267140e+01 -5.951364134697221912e-03 0.000000000000000000e+00 8.447458345721419078e-04 0.000000000000000000e+00 -1.365895236581723744e-08 0.000000000000000000e+00
2.451015871161633086e+01 -5.802231042065141009e-03 0.000000000000000000e+00 8.172455086749803648e-04 0.000000000000000000e+00 -1.388582494982452093e-08 0.000000000000000000e+00
2.468963122265999033e+01 -5.657864958834376776e-03 0.000000000000000000e+00 7.908204388767545124e-04 0.000000000000000000e+00 -1.405987528273438791e-08 0.000000000000000000e+00
2.486261707558240985e+01 -5.522847002336664715e-03 0.000000000000000000e+00 7.662844962569435219e-04 0.000000000000000000e+00 -1.401572370212893874e-08 0.000000000000000000e+00
2.502286403179367014e+01 -5.400877769014118986e-03 0.000000000000000000e+00 7.442704549416853449e-04 0.000000000000000000e+00 -1.349175454122361998e-08 0.000000000000000000e+00
2.516458019251133038e+01 -5.294975969371870476e-03 0.000000000000000000e+00 7.252743404127824168e-04 0.000000000000000000e+00 -1.229337334568750416e-08 0.000000000000000000e+00
2.528264317124083860e+01 -5.207756592251148314e-03 0.000000000000000000e+00 7.097129352276609774e-04 0.000000000000000000e+00 -1.048650140370378862e-08 0.000000000000000000e+00
2.537278452407247897e+01 -5.141559627979953168e-03 0.000000000000000000e+00 6.979532898089614058e-04 0.000000000000000000e+00 -8.451204000372703976e-09 0.000000000000000000e+00
2.543173887394069865e+01 -5.098370070774495277e-03 0.000000000000000000e+00 6.903047812996821603e-04 0.000000000000000000e+00 -6.753123599040870692e-09 0.000000000000000000e+00
2.545718336505498058e+01 -5.079742459016383868e-03 0.000000000000000000e+00 6.870118633369752190e-04 0.000000000000000000e+00 -5.921016302977378661e-09 0.000000000000000000e+00
2.545718336505498058e+01 -5.079742459016383868e-03 0.000000000000000000e+00 6.870118633369752190e-04 0.000000000000000000e+00 -5.921016302977378661e-09 0.000000000000000000e+00
2.548262785616925896e+01 -5.061117851240604440e-03 0.000000000000000000e+00 6.837230309075327311e-04 0.000000000000000000e+00 -5.025489528233266659e-09 0.000000000000000000e+00
2.554158220603748930e+01 -5.017958729758134444e-03 0.000000000000000000e+00 6.761154793697058503e-04 0.000000000000000000e+00 -2.693296704498403363e-09 0.000000000000000000e+00
2.563172355886912968e+01 -4.951877267032202268e-03 0.000000000000000000e+00 6.645048343833255674e-04 0.000000000000000000e+00 1.624146086855579789e-09 0.000000000000000000e+00
2.574978653759863079e+01 -4.864965736821014533e-03 0.000000000000000000e+00 6.493038307815372605e-04 0.000000000000000000e+00 8.802814293036489045e-09 0.000000000000000000e+00
2.589150269831629103e+01 -4.759761712347390650e-03 0.000000000000000000e+00 6.310105300867657058e-04 0.000000000000000000e+00 1.996311740150773108e-08 0.000000000000000000e+00
2.605174965452755131e+01 -4.639204248697618126e-03 0.000000000000000000e+00 6.101941265033354687e-04 0.000000000000000000e+00 3.626140516788577122e-08 0.000000000000000000e+00
2.622473550744997084e+01 -4.506730467748328375e-03 0.000000000000000000e+00 5.875042480803945293e-04 0.000000000000000000e+00 5.855400184330643878e-08 0.000000000000000000e+00
2.640420801849363031e+01 -4.366434620280804785e-03 0.000000000000000000e+00 5.636894215121440125e-04 0.000000000000000000e+00 8.702609822289301365e-08 0.000000000000000000e+00
2.658368052953728977e+01 -4.223146640394527876e-03 0.000000000000000000e+00 5.396002529188542599e-04 0.000000000000000000e+00 1.209321320160533287e-07 0.000000000000000000e+00
2.675666638245969864e+01 -4.082319035612408040e-03 0.000000000000000000e+00 5.161605216412427791e-04 0.000000000000000000e+00 1.585644594341900023e-07 0.000000000000000000e+00
2.691691333867095892e+01 -3.949712169261970947e-03 0.000000000000000000e+00 4.943082493933770956e-04 0.000000000000000000e+00 1.974679362903989573e-07 0.000000000000000000e+00
2.705862949938861917e+01 -3.830964504882907688e-03 0.000000000000000000e+00 4.749247477785145059e-04 0.000000000000000000e+00 2.348156576338613595e-07 0.000000000000000000e+00
2.717669247811813094e+01 -3.731169849679551436e-03 0.000000000000000000e+00 4.587732107359204065e-04 0.000000000000000000e+00 2.678152734086968156e-07 0.000000000000000000e+00
2.726683383094977131e+01 -3.654554510488337328e-03 0.000000000000000000e+00 4.464605397989180528e-04 0.000000000000000000e+00 2.940378641564859342e-07 0.000000000000000000e+00
2.732578818081799099e+01 -3.604290002079817232e-03 0.000000000000000000e+00 4.384245024365928485e-04 0.000000000000000000e+00 3.116211982637469869e-07 0.000000000000000000e+00
2.735123267193226937e+01 -3.582564561050472027e-03 0.000000000000000000e+00 4.349615175417053856e-04 0.000000000000000000e+00 3.193080476619795695e-07 0.000000000000000000e+00
2.735123267193226937e+01 -3.582564561050472027e-03 0.000000000000000000e+00 4.349615175417053856e-04 0.000000000000000000e+00 3.193080476619795695e-07 0.000000000000000000e+00
2.737667716304655130e+01 -3.560822763691111163e-03 0.000000000000000000e+00 4.315022323545550874e-04 0.000000000000000000e+00 3.270509065216532986e-07 0.000000000000000000e+00
2.743563151291478164e+01 -3.510394756492778157e-03 0.000000000000000000e+00 4.235032017737059120e-04 0.000000000000000000e+00 3.451943325314257452e-07 0.000000000000000000e+00
2.752577286574641846e+01 -3.433191664947122038e-03 0.000000000000000000e+00 4.113239349335042101e-04 0.000000000000000000e+00 3.734336816032525652e-07 0.000000000000000000e+00
2.764383584447591957e+01 -3.332018076340263497e-03 0.000000000000000000e+00 3.954877551014127969e-04 0.000000000000000000e+00 4.111859084625167265e-07 0.000000000000000000e+00
2.778555200519357982e+01 -3.210733013177312876e-03 0.000000000000000000e+00 3.766940752979546208e-04 0.000000000000000000e+00 4.573619434550469785e-07 0.000000000000000000e+00
2.794579896140485076e+01 -3.074174247140074728e-03 0.000000000000000000e+00 3.557891342204376256e-04 0.000000000000000000e+00 5.102582884058436619e-07 0.000000000000000000e+00
2.811878481432725962e+01 -2.927949766170326838e-03 0.000000000000000000e+00 3.337143429663377132e-04 0.000000000000000000e+00 5.675829573062649689e-07 0.000000000000000000e+00
2.829825732537091909e+01 -2.778100231812559526e-03 0.000000000000000000e+00 3.114368806974640710e-04 0.000000000000000000e+00 6.266349424321468665e-07 0.000000000000000000e+00
2.847772983641457145e+01 -2.630682524272464490e-03 0.000000000000000000e+00 2.898747173656893356e-04 0.000000000000000000e+00 6.845977751118382645e-07 0.000000000000000000e+00
2.865071568933698032e+01 -2.491356785480540546e-03 0.000000000000000000e+00 2.698318094609106254e-04 0.000000000000000000e+00 7.388634696939528888e-07 0.000000000000000000e+00
2.881096264554824060e+01 -2.365059052259076058e-03 0.000000000000000000e+00 2.519563950821488113e-04 0.000000000000000000e+00 7.872953228959199170e-07 0.000000000000000000e+00
2.895267880626591150e+01 -2.255811036448510803e-03 0.000000000000000000e+00 2.367278107958552583e-04 0.000000000000000000e+00 8.283667897845614063e-07 0.000000000000000000e+00
2.907074178499540906e+01 -2.166675099549435386e-03 0.000000000000000000e+00 2.244689834170271936e-04 0.000000000000000000e+00 8.611606123992245876e-07 0.000000000000000000e+00
2.916088313782704944e+01 -2.099825226291018084e-03 0.000000000000000000e+00 2.153761017113189793e-04 0.000000000000000000e+00 8.852550253548438396e-07 0.000000000000000000e+00
2.921983748769527978e+01 -2.056686663426019260e-03 0.000000000000000000e+00 2.095554136492779117e-04 0.000000000000000000e+00 9.005476476990013814e-07 0.000000000000000000e+00
2.924528197880956171e+01 -2.038213200570901558e-03 0.000000000000000000e+00 2.070742330769361861e-04 0.000000000000000000e+00 9.070306434587246086e-07 0.000000000000000000e+00
2.924528197880956171e+01 -2.038213200570901558e-03 0.000000000000000000e+00 2.070742330769361861e-04 0.000000000000000000e+00 9.070306434587246086e-07 0.000000000000000000e+00
2.927072646992384009e+01 -2.019828099704989912e-03 0.000000000000000000e+00 2.046117996711930025e-04 0.000000000000000000e+00 9.134416950048009429e-07 0.000000000000000000e+00
2.932968081979205976e+01 -1.977573169704751818e-03 0.000000000000000000e+00 1.989785912413367778e-04 0.000000000000000000e+00 9.280149403405440207e-07 0.000000000000000000e+00
2.941982217262370014e+01 -1.913905320779403290e-03 0.000000000000000000e+00 1.905609154819422259e-04 0.000000000000000000e+00 9.495199674294310742e-07 0.000000000000000000e+00
2.953788515135320836e+01 -1.832269899411293358e-03 0.000000000000000000e+00 1.798941381205907796e-04 0.000000000000000000e+00 9.762173084654017943e-07 0.000000000000000000e+00
2.967960131207086860e+01 -1.736963288809248223e-03 0.000000000000000000e+00 1.676265581109122056e-04 0.000000000000000000e+00 1.005983754365609408e-06 0.000000000000000000e+00
2.983984826828212888e+01 -1.632793594029906432e-03 0.000000000000000000e+00 1.544557702654865774e-04 0.000000000000000000e+00 1.036544248564598646e-06 0.000000000000000000e+00
3.001283412120454130e+01 -1.524699187213868126e-03 0.000000000000000000e+00 1.410631403676828916e-04 0.000000000000000000e+00 1.065740294787054194e-06 0.000000000000000000e+00
3.019230663224820077e+01 -1.417380203479494307e-03 0.000000000000000000e+00 1.280570500566470299e-04 0.000000000000000000e+00 1.091787406526519410e-06 0.000000000000000000e+00
3.037177914329186024e+01 -1.314996945016226647e-03 0.000000000000000000e+00 1.159334497838158403e-04 0.000000000000000000e+00 1.113469788289848219e-06 0.000000000000000000e+00
3.054476499621427976e+01 -1.220974488724373792e-03 0.000000000000000000e+00 1.050579830159567010e-04 0.000000000000000000e+00 1.130233423502549524e-06 0.000000000000000000e+00
3.070501195242554004e+01 -1.137928012368365953e-03 0.000000000000000000e+00 9.566886332971305019e-05 0.000000000000000000e+00 1.142164325164548773e-06 0.000000000000000000e+00
3.084672811314320029e+01 -1.067697725060183381e-03 0.000000000000000000e+00 8.789562854497387891e-05 0.000000000000000000e+00 1.149866079420751205e-06 0.000000000000000000e+00
3.096479109187270140e+01 -1.011463851609821713e-03 0.000000000000000000e+00 8.178695664096043714e-05 0.000000000000000000e+00 1.154270233022229768e-06 0.000000000000000000e+00
3.105493244470434888e+01 -9.699043623680135822e-04 0.000000000000000000e+00 7.734091964485004733e-05 0.000000000000000000e+00 1.156420241314285542e-06 0.000000000000000000e+00
3.111388679457256856e+01 -9.433610748179754738e-04 0.000000000000000000e+00 7.453273928737823360e-05 0.000000000000000000e+00 1.157266045208180673e-06 0.000000000000000000e+00
3.113933128568685049e+01 -9.320597217544825163e-04 0.000000000000000000e+00 7.334468174683191489e-05 0.000000000000000000e+00 1.157495488918066480e-06 0.000000000000000000e+00
3.113933128568685049e+01 -9.320597217544825163e-04 0.000000000000000000e+00 7.334468174683191489e-05 0.000000000000000000e+00 1.157495488918066480e-06 0.000000000000000000e+00
3.116477577680112887e+01 -9.208511707378278302e-04 0.000000000000000000e+00 7.217090993645399366e-05 0.000000000000000000e+00 1.157643685519457681e-06 0.000000000000000000e+00
3.122373012666935921e+01 -8.952360747034347277e-04 0.000000000000000000e+00 6.950561807495472138e-05 0.000000000000000000e+00 1.157676897618546757e-06 0.000000000000000000e+00
3.131387147950099958e+01 -8.570214425740283349e-04 0.000000000000000000e+00 6.557457142797787201e-05 0.000000000000000000e+00 1.156899065518587438e-06 0.000000000000000000e+00
3.143193445823050070e+01 -8.086866565610663403e-04 0.000000000000000000e+00 6.068253660747566404e-05 0.000000000000000000e+00 1.154391672327265982e-06 0.000000000000000000e+00
3.157365061894816094e+01 -7.531940202928186397e-04 0.000000000000000000e+00 5.518093998790790156e-05 0.000000000000000000e+00 1.149208573426343463e-06 0.000000000000000000e+00
3.173389757515942122e+01 -6.936891497347838628e-04 0.000000000000000000e+00 4.942509048021432629e-05 0.000000000000000000e+00 1.140585556741598572e-06 0.000000000000000000e+00
3.190688342808184075e+01 -6.332117128737909826e-04 0.000000000000000000e+00 4.373650998397450031e-05 0.000000000000000000e+00 1.128121844030414080e-06 0.000000000000000000e+00
3.208635593912549666e+01 -5.744589693150007909e-04 0.000000000000000000e+00 3.837631838364383055e-05 0.000000000000000000e+00 1.111897790132619870e-06 0.000000000000000000e+00
3.226582845016915257e+01 -5.196296581881151974e-04 0.000000000000000000e+00 3.353233511313993213e-05 0.000000000000000000e+00 1.092507765624310530e-06 0.000000000000000000e+00
3.243881430309156855e+01 -4.703577818380693526e-04 0.000000000000000000e+00 2.931926365382107731e-05 0.000000000000000000e+00 1.071006681860027899e-06 0.000000000000000000e+00
3.259906125930282883e+01 -4.277286092647146834e-04 0.000000000000000000e+00 2.578885937154053726e-05 0.000000000000000000e+00 1.048786864308549131e-06 0.000000000000000000e+00
3.274077742002049263e+01 -3.923568835769930476e-04 0.000000000000000000e+00 2.294585402717115081e-05 0.000000000000000000e+00 1.027413787369501433e-06 0.000000000000000000e+00
3.285884039874999729e+01 -3.645016301209161509e-04 0.000000000000000000e+00 2.076557726554650299e-05 0.000000000000000000e+00 1.008452098147006639e-06 0.000000000000000000e+00
3.294898175158164122e+01 -3.441926178672236394e-04 0.000000000000000000e+00 1.921023470479643798e-05 0.000000000000000000e+00 9.933082124464626139e-07 0.000000000000000000e+00
3.300793610144985735e+01 -3.313489151252570122e-04 0.000000000000000000e+00 1.824215154529016417e-05 0.000000000000000000e+00 9.831062966745691286e-07 0.000000000000000000e+00
3.303338059256414283e+01 -3.259112189051637616e-04 0.000000000000000000e+00 1.783601570176130907e-05 0.000000000000000000e+00 9.786328647770716608e-07 0.000000000000000000e+00
3.303338059256414283e+01 -3.259112189051637616e-04 0.000000000000000000e+00 1.783601570176130907e-05 0.000000000000000000e+00 9.786328647770716608e-07 0.000000000000000000e+00
3.305882508367842121e+01 -3.205365861999467198e-04 0.000000000000000000e+00 1.743680540362460874e-05 0.000000000000000000e+00 9.741179321132467759e-07 0.000000000000000000e+00
3.311777943354663734e+01 -3.083236711098417395e-04 0.000000000000000000e+00 1.653799896718050278e-05 0.000000000000000000e+00 9.635009224483126497e-07 0.000000000000000000e+00
3.320792078637828837e+01 -2.902883304234628791e-04 0.000000000000000000e+00 1.523243228919711534e-05 0.000000000000000000e+00 9.468610456377801564e-07 0.000000000000000000e+00
3.332598376510779303e+01 -2.678059021244278142e-04 0.000000000000000000e+00 1.364281542112987386e-05 0.000000000000000000e+00 9.243655643986849751e-07 0.000000000000000000e+00
3.346769992582545683e+01 -2.424713381548339580e-04 0.000000000000000000e+00 1.190483801294862202e-05 0.000000000000000000e+00 8.963958855944638243e-07 0.000000000000000000e+00
3.362794688203671711e+01 -2.159103322348116406e-04 0.000000000000000000e+00 1.014775778000783697e-05 0.000000000000000000e+00 8.636293538635485483e-07 0.000000000000000000e+00
3.380093273495913309e+01 -1.896097399804174430e-04 0.000000000000000000e+00 8.479071476143620501e-06 0.000000000000000000e+00 8.270796077690091647e-07 0.000000000000000000e+00
3.398040524600278900e+01 -1.647929987948499177e-04 0.000000000000000000e+00 6.975678826508830514e-06 0.000000000000000000e+00 7.880798172046896124e-07 0.000000000000000000e+00
3.415987775704643781e+01 -1.423535373455701500e-04 0.000000000000000000e+00 5.681949258466299614e-06 0.000000000000000000e+00 7.482077848644328661e-07 0.000000000000000000e+00
3.433286360996886089e+01 -1.228461729800079446e-04 0.000000000000000000e+00 4.613435711144112706e-06 0.000000000000000000e+00 7.091672355093990157e-07 0.000000000000000000e+00
3.449311056618012117e+01 -1.065259090277733030e-04 0.000000000000000000e+00 3.764040067526328121e-06 0.000000000000000000e+00 6.726504750212028830e-07 0.000000000000000000e+00
3.463482672689777786e+01 -9.341738799958725602e-05 0.000000000000000000e+00 3.114316084062310589e-06 0.000000000000000000e+00 6.402106672635158386e-07 0.000000000000000000e+00
3.475288970562728963e+01 -8.339702807176450515e-05 0.000000000000000000e+00 2.639104554131907240e-06 0.000000000000000000e+00 6.131665142058373554e-07 0.000000000000000000e+00
3.484303105845892645e+01 -7.627268202813797693e-05 0.000000000000000000e+00 2.313493153055154975e-06 0.000000000000000000e+00 5.925503400326015682e-07 0.000000000000000000e+00
3.490198540832714968e+01 -7.185092470792879798e-05 0.000000000000000000e+00 2.116863096029854495e-06 0.000000000000000000e+00 5.790974579430681440e-07 0.000000000000000000e+00
3.492742989944144227e+01 -6.999920222338294176e-05 0.000000000000000000e+00 2.035816572975538043e-06 0.000000000000000000e+00 5.733011630862687856e-07 0.000000000000000000e+00
3.492742989944144227e+01 -6.999920222338294176e-05 0.000000000000000000e+00 2.035816572975538043e-06 0.000000000000000000e+00 5.733011630862687856e-07 0.000000000000000000e+00
3.495287439055571355e+01 -6.818114005068214142e-05 0.000000000000000000e+00 1.957009024850533502e-06 0.000000000000000000e+00 5.675117818602006364e-07 0.000000000000000000e+00
3.501182874042393678e+01 -6.409607341210311524e-05 0.000000000000000000e+00 1.782778471389145616e-06 0.000000000000000000e+00 5.541280398430473195e-07 0.000000000000000000e+00
3.510197009325558071e+01 -5.818542075939695511e-05 0.000000000000000000e+00 1.537971476456956283e-06 0.000000000000000000e+00 5.337608848756806209e-07 0.000000000000000000e+00
3.522003307198509248e+01 -5.103367517729539752e-05 0.000000000000000000e+00 1.254113156796547730e-06 0.000000000000000000e+00 5.073039528894280436e-07 0.000000000000000000e+00
3.536174923270274917e+01 -4.328632870405790150e-05 0.000000000000000000e+00 9.633972043789656968e-07 0.000000000000000000e+00 4.759564729676688573e-07 0.000000000000000000e+00
3.552199618891400945e+01 -3.555471686999467964e-05 0.000000000000000000e+00 6.928893844859370792e-07 0.000000000000000000e+00 4.411753924093542920e-07 0.000000000000000000e+00
3.569498204183641832e+01 -2.833927258395516776e-05 0.000000000000000000e+00 4.608709740837492805e-07 0.000000000000000000e+00 4.045874310055290573e-07 0.000000000000000000e+00
3.587445455288008134e+01 -2.198430726781211057e-05 0.000000000000000000e+00 2.758595729334481675e-07 0.000000000000000000e+00 3.678663305115012792e-07 0.000000000000000000e+00
3.605392706392373725e+01 -1.666812394179692676e-05 0.000000000000000000e+00 1.379380670964623146e-07 0.000000000000000000e+00 3.325933646058900946e-07 0.000000000000000000e+00
3.622691291684615322e+01 -1.242340440790952188e-05 0.000000000000000000e+00 4.143582870142941236e-08 0.000000000000000000e+00 3.001286594164421413e-07 0.000000000000000000e+00
3.638715987305741351e+01 -9.176742140798506989e-06 0.000000000000000000e+00 -2.211771357555526239e-08 0.000000000000000000e+00 2.715216195532041880e-07 0.000000000000000000e+00
3.652887603377507020e+01 -6.794333313789495204e-06 0.000000000000000000e+00 -6.157729891295924716e-08 0.000000000000000000e+00 2.474792195740391144e-07 0.000000000000000000e+00
3.664693901250456776e+01 -5.123044056622049618e-06 0.000000000000000000e+00 -8.466451619737748548e-08 0.000000000000000000e+00 2.283944163319051228e-07 0.000000000000000000e+00
3.673708036533621879e+01 -4.020767005038581675e-06 0.000000000000000000e+00 -9.730686006769743488e-08 0.000000000000000000e+00 2.144203713681495358e-07 0.000000000000000000e+00
3.679603471520444202e+01 -3.374991618508655740e-06 0.000000000000000000e+00 -1.035649880357519479e-07 0.000000000000000000e+00 2.055665503409020010e-07 0.000000000000000000e+00
3.682147920631872040e+01 -3.113664703416581719e-06 0.000000000000000000e+00 -1.058228132013895384e-07 0.000000000000000000e+00 2.018158213596730043e-07 0.000000000000000000e+00
3.682147920631872040e+01 -3.113664703416581719e-06 0.000000000000000000e+00 -1.058228132013895384e-07 0.000000000000000000e+00 2.018158213596730043e-07 0.000000000000000000e+00
3.684692369743299878e+01 -2.862460927686038611e-06 0.000000000000000000e+00 -1.078306718980311125e-07 0.000000000000000000e+00 1.981078997365547514e-07 0.000000000000000000e+00
3.690587804730122201e+01 -2.317964525804114676e-06 0.000000000000000000e+00 -1.115855059416186632e-07 0.000000000000000000e+00 1.896821420086243601e-07 0.000000000000000000e+00
3.699601940013287305e+01 -1.581095825695667510e-06 0.000000000000000000e+00 -1.151591145480456121e-07 0.000000000000000000e+00 1.772493338091275791e-07 0.000000000000000000e+00
3.711408237886237060e+01 -7.754570779887435394e-07 0.000000000000000000e+00 -1.165328139263385761e-07 0.000000000000000000e+00 1.617959177575569842e-07 0.000000000000000000e+00
3.725579853958002730e+01 -1.835610936858970968e-08 0.000000000000000000e+00 -1.143633800408662081e-07 0.000000000000000000e+00 1.444975355626809778e-07 0.000000000000000000e+00
3.741604549579128758e+01 6.043187305143635628e-07 0.000000000000000000e+00 -1.083961038852020284e-07 0.000000000000000000e+00 1.265794759166598370e-07 0.000000000000000000e+00
3.758903134871371066e+01 1.050647148150839289e-06 0.000000000000000000e+00 -9.939087836345138267e-08 0.000000000000000000e+00 1.091695030123313186e-07 0.000000000000000000e+00
3.776850385975736657e+01 1.320909423146251791e-06 0.000000000000000000e+00 -8.869339713301347113e-08 0.000000000000000000e+00 9.317183388454664532e-08 0.000000000000000000e+00
3.794797637080102248e+01 1.445162343473966637e-06 0.000000000000000000e+00 -7.771738002942844821e-08 0.000000000000000000e+00 7.918959738195769241e-08 0.000000000000000000e+00
3.812096222372343846e+01 1.466849655375734394e-06 0.000000000000000000e+00 -6.756831664445053374e-08 0.000000000000000000e+00 6.751104189535312426e-08 0.000000000000000000e+00
3.828120917993469874e+01 1.428790198624846466e-06 0.000000000000000000e+00 -5.889979429058602647e-08 0.000000000000000000e+00 5.815564612979111766e-08 0.000000000000000000e+00
3.842292534065236254e+01 1.365010390116537814e-06 0.000000000000000000e+00 -5.196080117577503708e-08 0.000000000000000000e+00 5.095909469961357627e-08 0.000000000000000000e+00
3.854098831938186720e+01 1.298498173207046382e-06 0.000000000000000000e+00 -4.673453089717309929e-08 0.000000000000000000e+00 4.566859554134656860e-08 0.000000000000000000e+00
3.863112967221349692e+01 1.242800776559172659e-06 0.000000000000000000e+00 -4.308206795211628459e-08 0.000000000000000000e+00 4.202393618534291125e-08 0.000000000000000000e+00
3.869008402208172726e+01 1.204996844454920740e-06 0.000000000000000000e+00 -4.084674036737474434e-08 0.000000000000000000e+00 3.981129940575356833e-08 0.000000000000000000e+00
3.871552851319601274e+01 1.188466000905822800e-06 0.000000000000000000e+00 -3.991832206847205623e-08 0.000000000000000000e+00 3.889585381178317730e-08 0.000000000000000000e+00
3.871552851319601274e+01 1.188466000905822800e-06 0.000000000000000000e+00 -3.991832206847205623e-08 0.000000000000000000e+00 3.889585381178317730e-08 0.000000000000000000e+00
3.874097300431029112e+01 1.171845333072739126e-06 0.000000000000000000e+00 -3.901129199361682406e-08 0.000000000000000000e+00 3.800336060799380597e-08 0.000000000000000000e+00
3.879992735417850724e+01 1.133123096251795505e-06 0.000000000000000000e+00 -3.698965045929911905e-08 0.000000000000000000e+00 3.602025496376295725e-08 0.000000000000000000e+00
3.889006870701015828e+01 1.073816569955802630e-06 0.000000000000000000e+00 -3.410366731647838444e-08 0.000000000000000000e+00 3.320221808670321739e-08 0.000000000000000000e+00
3.900813168573966294e+01 9.969205757017773092e-07 0.000000000000000000e+00 -3.066512838102818735e-08 0.000000000000000000e+00 2.986070764029453316e-08 0.000000000000000000e+00
3.914984784645732674e+01 9.068035004631040781e-07 0.000000000000000000e+00 -2.697599140693920498e-08 0.000000000000000000e+00 2.628964117820382124e-08 0.000000000000000000e+00
3.931009480266858702e+01 8.079865934902363061e-07 0.000000000000000000e+00 -2.325996740556162564e-08 0.000000000000000000e+00 2.270091641438719449e-08 0.000000000000000000e+00
3.948308065559100299e+01 7.038104397879566391e-07 0.000000000000000000e+00 -1.963579086349441766e-08 0.000000000000000000e+00 1.920269010719356837e-08 0.000000000000000000e+00
3.966255316663465891e+01 5.962925548200045508e-07 0.000000000000000000e+00 -1.614854838573704664e-08 0.000000000000000000e+00 1.583241171274149606e-08 0.000000000000000000e+00
3.984202567767830772e+01 4.874267015464009051e-07 0.000000000000000000e+00 -1.283427511266183991e-08 0.000000000000000000e+00 1.262019443861178575e-08 0.000000000000000000e+00
4.001501153060073079e+01 3.804375308641487542e-07 0.000000000000000000e+00 -9.759101279512715606e-09 0.000000000000000000e+00 9.627320618435985172e-09 0.000000000000000000e+00
4.017525848681199108e+01 2.795797863711807272e-07 0.000000000000000000e+00 -7.005681941554538418e-09 0.000000000000000000e+00 6.933948146443059939e-09 0.000000000000000000e+00
4.031697464752964777e+01 1.892065059462433083e-07 0.000000000000000000e+00 -4.646414352479212938e-09 0.000000000000000000e+00 4.613370201954587488e-09 0.000000000000000000e+00
4.043503762625915954e+01 1.132233587067399877e-07 0.000000000000000000e+00 -2.735176833274665152e-09 0.000000000000000000e+00 2.723295626573982168e-09 0.000000000000000000e+00
4.052517897909080347e+01 5.486235775228466548e-08 0.000000000000000000e+00 -1.309117735739689167e-09 0.000000000000000000e+00 1.306320637996817797e-09 0.000000000000000000e+00
4.058413332895902670e+01 1.655890938363491366e-08 0.000000000000000000e+00 -3.920006708870037386e-10 0.000000000000000000e+00 3.917454532574709742e-10 0.000000000000000000e+00
