-2.000000000000000000e+01 nan nan nan nan nan nan
-1.997455550888572162e+01 -1.672686830223520105e-02 -1.304324431223473184e-02 -4.571081573205681005e-04 6.431744041195119888e-04 -4.571081573205681005e-04 6.431744041195120972e-04
-1.991560115901749128e+01 -1.675377536394156291e-02 -1.300530214984795332e-02 -4.557017288998999982e-04 6.439960505856081631e-04 -4.557017288998999982e-04 6.439960505856081631e-04
-1.982545980618585091e+01 -1.679475594209396683e-02 -1.294719504664328287e-02 -4.535493322798545956e-04 6.452469516647794598e-04 -4.535493322798545956e-04 6.452469516647794598e-04
-1.970739682745634980e+01 -1.684813674002367395e-02 -1.287091902652694533e-02 -4.507266537385603905e-04 6.468754530591660189e-04 -4.507266537385603905e-04 6.468754530591661273e-04
-1.956568066673868955e+01 -1.691177160310595659e-02 -1.277910866698444940e-02 -4.473331693012029477e-04 6.488154363920174261e-04 -4.473331693012028393e-04 6.488154363920173176e-04
-1.940543371052742927e+01 -1.698314747553746062e-02 -1.267496348536462439e-02 -4.434890581556480849e-04 6.509896765057434980e-04 -4.434890581556480849e-04 6.509896765057430644e-04
-1.923244785760500974e+01 -1.705950530737242524e-02 -1.256215012850354397e-02 -4.393312393029779315e-04 6.533136415196488019e-04 -4.393312393029779857e-04 6.533136415196489103e-04
-1.905297534656135028e+01 -1.713796543385920357e-02 -1.244468381389945630e-02 -4.350087130118216426e-04 6.556993974647555914e-04 -4.350087130118215884e-04 6.556993974647558083e-04
-1.887350283551769081e+01 -1.721564899058299764e-02 -1.232679163756388550e-02 -4.306773459609941970e-04 6.580593483583344842e-04 -4.306773459609941970e-04 6.580593483583342673e-04
-1.870051698259527839e+01 -1.728978838823802544e-02 -1.221276170419043766e-02 -4.264942707312543903e-04 6.603095952856629768e-04 -4.264942707312543361e-04 6.603095952856630852e-04
-1.854027002638402166e+01 -1.735782183537882065e-02 -1.210678351866545030e-02 -4.226121043163921114e-04 6.623727657877099845e-04 -4.226121043163923283e-04 6.623727657877100930e-04
-1.839855386566636142e+01 -1.741746918953337650e-02 -1.201278632948271467e-02 -4.191732160543762734e-04 6.641802407930058692e-04 -4.191732160543762192e-04 6.641802407930057607e-04
-1.828049088693684965e+01 -1.746678870665551928e-02 -1.193428295641476601e-02 -4.163042892783791276e-04 6.656737796412095370e-04 -4.163042892783791818e-04 6.656737796412094286e-04
-1.819034953410520927e+01 -1.750421612043486647e-02 -1.187422711556554780e-02 -4.141114270029170675e-04 6.668066014091054983e-04 -4.141114270029171759e-04 6.668066014091054983e-04
-1.813139518423698959e+01 -1.752858748592226942e-02 -1.183489421641709463e-02 -4.126761184089220488e-04 6.675439799409925434e-04 -4.126761184089220488e-04 6.675439799409925434e-04
-1.810595069312271121e+01 -1.753907993550108194e-02 -1.181790486051060955e-02 -4.120563693358459236e-04 6.678613723552181188e-04 -4.120563693358456525e-04 6.678613723552179020e-04
-1.810595069312271121e+01 -1.753907993550108194e-02 -1.181790486051060955e-02 -4.120563693358459236e-04 6.678613723552181188e-04 -4.120563693358456525e-04 6.678613723552179020e-04
-1.808050620200842928e+01 -1.754955661377666579e-02 -1.180090743529332853e-02 -4.114364549783031838e-04 6.681782477493567948e-04 -4.114364549783031838e-04 6.681782477493567948e-04
-1.802155185214019895e+01 -1.757377022925739329e-02 -1.176149382407046425e-02 -4.099994931487959716e-04 6.689104548660111671e-04 -4.099994931487956464e-04 6.689104548660109503e-04
-1.793141049930855857e+01 -1.761062905129560582e-02 -1.170114706508975505e-02 -4.078006719251394351e-04 6.700246368287610240e-04 -4.078006719251393809e-04 6.700246368287612409e-04
-1.781334752057906101e+01 -1.765860505951052234e-02 -1.162195628535555095e-02 -4.049176646057378202e-04 6.714741320101706192e-04 -4.049176646057377660e-04 6.714741320101705107e-04
-1.767163135986139011e+01 -1.771574295850548639e-02 -1.152667511526037775e-02 -4.014524749926462943e-04 6.731993398403778202e-04 -4.014524749926462943e-04 6.731993398403779286e-04
-1.751138440365012983e+01 -1.777976015410004385e-02 -1.141864193794546976e-02 -3.975282114003024481e-04 6.751308438673872319e-04 -3.975282114003023939e-04 6.751308438673872319e-04
-1.733839855072772096e+01 -1.784816000469723746e-02 -1.130167515405074152e-02 -3.932849689839166348e-04 6.771929241566660871e-04 -3.932849689839168516e-04 6.771929241566663040e-04
-1.715892603968406149e+01 -1.791834822790954254e-02 -1.117994753428049222e-02 -3.888750167104729639e-04 6.793071380886357745e-04 -3.888750167104730723e-04 6.793071380886357745e-04
-1.697945352864040913e+01 -1.798774429999251689e-02 -1.105784277216179806e-02 -3.844574392845429814e-04 6.813957136150843464e-04 -3.844574392845429814e-04 6.813957136150843464e-04
-1.680646767571798961e+01 -1.805388120336713642e-02 -1.093979858999144170e-02 -3.801924132231621848e-04 6.833845518062093291e-04 -3.801924132231621306e-04 6.833845518062092207e-04
-1.664622071950672932e+01 -1.811448890317311072e-02 -1.083014210612364726e-02 -3.762353268540732584e-04 6.852057031760652641e-04 -3.762353268540732584e-04 6.852057031760650473e-04
-1.650450455878906908e+01 -1.816755927116178726e-02 -1.073292427995213918e-02 -3.727309761932127898e-04 6.867992576930957932e-04 -3.727309761932064472e-04 6.867992576931024069e-04
-1.638644158005956086e+01 -1.821139248812221612e-02 -1.065176095470912916e-02 -3.698080793820370297e-04 6.881146608127623439e-04 -3.698080793819854759e-04 6.881146608128105909e-04
-1.629630022722792049e+01 -1.824462682676463582e-02 -1.058968839050423300e-02 -3.675743560777115478e-04 6.891115247518488085e-04 -3.675743560775124341e-04 6.891115247520342071e-04
-1.623734587735970081e+01 -1.826625384587042197e-02 -1.054904313960099149e-02 -3.661124847114085234e-04 6.897600070585052385e-04 -3.661124847109369497e-04 6.897600070589416299e-04
-1.621190138624541888e+01 -1.827556136208276574e-02 -1.053148899624388631e-02 -3.654813105475690710e-04 6.900390378122317914e-04 -3.654813105468936673e-04 6.900390378128552077e-04
-1.621190138624541888e+01 -1.827556136208276574e-02 -1.053148899624388631e-02 -3.654813105475690710e-04 6.900390378122317914e-04 -3.654813105468936673e-04 6.900390378128552077e-04
-1.618645689513114050e+01 -1.828485281658758996e-02 -1.051392775962590488e-02 -3.648499947722224301e-04 6.903175549472725676e-04 -3.648499947712604717e-04 6.903175549481592281e-04
-1.612750254526291016e+01 -1.830631918095746227e-02 -1.047321155943916823e-02 -3.633867069559010396e-04 6.909608998603790396e-04 -3.633867069537829965e-04 6.909608998623227973e-04
-1.603736119243126979e+01 -1.833897445800777154e-02 -1.041088326602970272e-02 -3.611478781765210615e-04 6.919392466165623801e-04 -3.611478781698616749e-04 6.919392466226333702e-04
-1.591929821370177045e+01 -1.838143942660573626e-02 -1.032911568145827505e-02 -3.582129175152621225e-04 6.932108957770691509e-04 -3.582129174884286608e-04 6.932108958013157062e-04
-1.577758205298409955e+01 -1.843195412815510498e-02 -1.023076918173100938e-02 -3.546860325558336244e-04 6.947227241036824444e-04 -3.546860324320209347e-04 6.947227242143774262e-04
-1.561733509677283926e+01 -1.848847161250997267e-02 -1.011930627226505577e-02 -3.506928786777764226e-04 6.964130743134785495e-04 -3.506928780876611179e-04 6.964130748347597015e-04
-1.544434924385043040e+01 -1.854876325890400524e-02 -9.998680472447705331e-03 -3.463763046028715364e-04 6.982149808131224043e-04 -3.463763019279389953e-04 6.982149831454878249e-04
-1.526487673280676916e+01 -1.861052593881603462e-02 -9.873204194962265090e-03 -3.418914050173409375e-04 7.000594269122827062e-04 -3.418913941447633054e-04 7.000594362651390862e-04
-1.508540422176312035e+01 -1.867148315588198701e-02 -9.747399206748672343e-03 -3.374000424972908039e-04 7.018783897213426177e-04 -3.374000043011569396e-04 7.018784221365332665e-04
-1.491241836884070082e+01 -1.872947386362699279e-02 -9.625834395447719488e-03 -3.330650249181982660e-04 7.036074833930558090e-04 -3.330649111483754391e-04 7.036075786892263947e-04
-1.475217141262944054e+01 -1.878252472881892718e-02 -9.512956781495759961e-03 -3.290441447745249583e-04 7.051880837925160418e-04 -3.290438594375055923e-04 7.051883199129679002e-04
-1.461045525191178029e+01 -1.882890397183397194e-02 -9.412922672957230522e-03 -3.254842990706920559e-04 7.065688965573691189e-04 -3.254836960925212440e-04 7.065693901912316376e-04
-1.449239227318227030e+01 -1.886715726210345251e-02 -9.329436442179095401e-03 -3.225159248716571764e-04 7.077069954213732620e-04 -3.225148463714112520e-04 7.077078704543111887e-04
-1.440225092035062993e+01 -1.889612807675941641e-02 -9.265604710988899900e-03 -3.202480158105720635e-04 7.085683947247985517e-04 -3.202463736716744912e-04 7.085697179463557255e-04
-1.434329657048241025e+01 -1.891496522835829294e-02 -9.223815711963082031e-03 -3.187640738267588604e-04 7.091282131379415994e-04 -3.187619341552226106e-04 7.091299295347271506e-04
-1.431785207936813009e+01 -1.892306831341850071e-02 -9.205769598455339903e-03 -3.181234515105509694e-04 7.093689557971653067e-04 -3.181210587233587348e-04 7.093708715152667122e-04
-1.431785207936813009e+01 -1.892306831341850071e-02 -9.205769598455339903e-03 -3.181234515105509694e-04 7.093689557971653067e-04 -3.181210587233587348e-04 7.093708715152667122e-04
-1.429240758825383928e+01 -1.893115514214837800e-02 -9.187717401513341431e-03 -3.174827374177970800e-04 7.096091701153940364e-04 -3.174800653677938901e-04 7.096113052670335137e-04
-1.423345323838561960e+01 -1.894982969513736223e-02 -9.145867555851379047e-03 -3.159978789290430350e-04 7.101637029805489727e-04 -3.159944464056151613e-04 7.101664334810915474e-04
-1.414331188555397922e+01 -1.897821448423344173e-02 -9.081816539715121053e-03 -3.137266887476043709e-04 7.110060375433974568e-04 -3.137217235534024012e-04 7.110099601220820674e-04
-1.402524890682446923e+01 -1.901508333730789549e-02 -8.997812352847458714e-03 -3.107507014049868169e-04 7.120990039677064804e-04 -3.107428376699224409e-04 7.121051605128705594e-04
-1.388353274610681076e+01 -1.905887769133627480e-02 -8.896811493798026035e-03 -3.071771686902941044e-04 7.133951941113266448e-04 -3.071639527416095638e-04 7.134054289746545900e-04
-1.372328578989555048e+01 -1.910779439055389564e-02 -8.782388595316477017e-03 -3.031358624509079489e-04 7.148394719691529868e-04 -3.031130052029557789e-04 7.148569563769315753e-04
-1.355029993697313984e+01 -1.915988326676601461e-02 -8.658619717391947274e-03 -2.987749252671379418e-04 7.163718068620932413e-04 -2.987353354700021516e-04 7.164016888554113798e-04
-1.337082742592948037e+01 -1.921314476067558299e-02 -8.529944227472986001e-03 -2.942557731443738202e-04 7.179302736466709484e-04 -2.941886133459387857e-04 7.179802651768340573e-04
-1.319135491488581913e+01 -1.926561946375025813e-02 -8.401008939288910279e-03 -2.897469247023428144e-04 7.194541490484101295e-04 -2.896372149329900039e-04 7.195346814245799291e-04
-1.301836906196341026e+01 -1.931546325328252836e-02 -8.276499394051638203e-03 -2.854167491312312567e-04 7.208870070288520265e-04 -2.852462383750975061e-04 7.210104913301097459e-04
-1.285812210575214998e+01 -1.936100448699922677e-02 -8.160964740037789447e-03 -2.814254982543865037e-04 7.221795724256193684e-04 -2.811753866442304032e-04 7.223584433902813977e-04
-1.271640594503448973e+01 -1.940078309043660743e-02 -8.058644080605378499e-03 -2.779175032989541919e-04 7.232919079994173375e-04 -2.775729818366589772e-04 7.235355666012350910e-04
-1.259834296630497974e+01 -1.943357437817805344e-02 -7.973302908884547305e-03 -2.750147654973678795e-04 7.241944479515434246e-04 -2.745703912649857651e-04 7.245058123145544510e-04
-1.250820161347333936e+01 -1.945840207022734095e-02 -7.908088116969901396e-03 -2.728130304411776328e-04 7.248675813757042216e-04 -2.722771348596868626e-04 7.252404050254501787e-04
-1.244924726360511968e+01 -1.947454399973014283e-02 -7.865411111785663295e-03 -2.713807983066851277e-04 7.252998934553458359e-04 -2.707769785692599909e-04 7.257180138762098394e-04
-1.242380277249083953e+01 -1.948148766924654232e-02 -7.846985946898313996e-03 -2.707647072987824210e-04 7.254844632118311780e-04 -2.701294458598413719e-04 7.259234685643780076e-04
-1.242380277249083953e+01 -1.948148766924654232e-02 -7.846985946898313996e-03 -2.707647072987824210e-04 7.254844632118311780e-04 -2.701294458598413719e-04 7.259234685643780076e-04
-1.239835828137655938e+01 -1.948841751107552658e-02 -7.828557301522494349e-03 -2.701499197942707690e-04 7.256677880799921503e-04 -2.694818734607488963e-04 7.261285181657921046e-04
-1.233940393150833081e+01 -1.950442114838717503e-02 -7.785845490902000912e-03 -2.687307345563709265e-04 7.260876451790330716e-04 -2.679813204419778379e-04 7.266020758359895268e-04
-1.224926257867669044e+01 -1.952875064007528888e-02 -7.720505361512069314e-03 -2.665761583657564660e-04 7.267158381312709397e-04 -2.656866380170446362e-04 7.273220761355264586e-04
-1.213119959994718933e+01 -1.956036634760015963e-02 -7.634868745810434627e-03 -2.637856763419161167e-04 7.275118919998992042e-04 -2.626807024219193483e-04 7.282579015407924898e-04
-1.198948343922952020e+01 -1.959795518104898160e-02 -7.531998916188178961e-03 -2.604904575608637586e-04 7.284242136933362236e-04 -2.590721414335921081e-04 7.293709574138840853e-04
-1.182923648301825992e+01 -1.964000807154102010e-02 -7.415592535850301127e-03 -2.568481193947968967e-04 7.293936664472833739e-04 -2.549916841589599387e-04 7.306169786315823596e-04
-1.165625063009584927e+01 -1.968490131746908345e-02 -7.289852429722981468e-03 -2.530343655078968611e-04 7.303584324697822783e-04 -2.505875029024859629e-04 7.319484080810166301e-04
-1.147677811905218981e+01 -1.973097188253472925e-02 -7.159336689332901175e-03 -2.492312108540725235e-04 7.312599735911140325e-04 -2.460197722599401769e-04 7.333165396057970270e-04
-1.129730560800853034e+01 -1.977658010458771889e-02 -7.028789393193496556e-03 -2.456123462290214516e-04 7.320494855735267242e-04 -2.414546534387935486e-04 7.346732355237652360e-04
-1.112431975508611970e+01 -1.982015740949402346e-02 -6.902960425500357690e-03 -2.423274985875419388e-04 7.326937570305362126e-04 -2.370579766916419142e-04 7.359721745393338257e-04
-1.096407279887485942e+01 -1.986024113856246776e-02 -6.786423741422461381e-03 -2.394888642338427421e-04 7.331790524263744752e-04 -2.329889468803456965e-04 7.371697402239788758e-04
-1.082235663815719917e+01 -1.989550196408755578e-02 -6.683404062251405847e-03 -2.371631613545975223e-04 7.335117730800544585e-04 -2.293942077480153844e-04 7.382257675368888777e-04
-1.070429365942768918e+01 -1.992477023355536739e-02 -6.597621053571165427e-03 -2.353720574020405816e-04 7.337152808506827890e-04 -2.264025597471313277e-04 7.391043777808994214e-04
-1.061415230659605058e+01 -1.994706548877811167e-02 -6.532157970942669388e-03 -2.341016619119812400e-04 7.338232378017912633e-04 -2.241205501362303690e-04 7.397750379027113760e-04
-1.055519795672782912e+01 -1.996162850811348047e-02 -6.489361323891126507e-03 -2.333190645560730592e-04 7.338707972219001138e-04 -2.226291390676221225e-04 7.402137921265103089e-04
-1.052975346561355074e+01 -1.996791020905307884e-02 -6.470895123693493761e-03 -2.329935461941042105e-04 7.338855594935984623e-04 -2.219857255990103024e-04 7.404032215882340277e-04
-1.052975346561355074e+01 -1.996791020905307884e-02 -6.470895123693493761e-03 -2.329935461941042105e-04 7.338855594935984623e-04 -2.219857255990103024e-04 7.404032215882340277e-04
-1.050430897449925993e+01 -1.997419005229699937e-02 -6.452431893497064322e-03 -2.326755883988396384e-04 7.338967955588199341e-04 -2.213424823170640507e-04 7.405927029002812604e-04
-1.044535462463104025e+01 -1.998873450908413701e-02 -6.409664954423601596e-03 -2.319686235160376960e-04 7.339090849182729713e-04 -2.198527735428449400e-04 7.410319764284796972e-04
-1.035521327179939988e+01 -2.001096314082529554e-02 -6.344308965927213974e-03 -2.309709735726554291e-04 7.338899190789732394e-04 -2.175769000901861734e-04 7.417045185765802628e-04
-1.023715029306988988e+01 -2.004007574832938551e-02 -6.258779101216535926e-03 -2.298251841785516850e-04 7.337930774363578355e-04 -2.145997537452227274e-04 7.425876395800302780e-04
-1.009543413235222964e+01 -2.007505244848623721e-02 -6.156232609971563907e-03 -2.287080289737676326e-04 7.335648892888528691e-04 -2.110321115683041235e-04 7.436523322503501990e-04
-9.935187176140969356e+00 -2.011469940417634841e-02 -6.040454210146506756e-03 -2.278122944573761593e-04 7.331527341008285637e-04 -2.070064769739933996e-04 7.448644167633246185e-04
-9.762201323218558713e+00 -2.015769086503278393e-02 -5.915710987220474011e-03 -2.273225361095293452e-04 7.325150119806441134e-04 -2.026718759709797782e-04 7.461854933208533639e-04
-9.582728812174899247e+00 -2.020260190899935207e-02 -5.786585336729087661e-03 -2.273865825267883025e-04 7.316312838404804729e-04 -1.981879315125880173e-04 7.475735583822024207e-04
-9.403256301131241557e+00 -2.024793201443333274e-02 -5.657794565546648419e-03 -2.280866412855385992e-04 7.305107526429061937e-04 -1.937185330090244540e-04 7.489833436439308515e-04
-9.230270448208830913e+00 -2.029212497028366410e-02 -5.534007332797586005e-03 -2.294157147188268582e-04 7.291970940978888824e-04 -1.894254613338117112e-04 7.503666246951812497e-04
-9.070023491997568854e+00 -2.033359439085230883e-02 -5.419667448807626020e-03 -2.312657495324050845e-04 7.277680388259857771e-04 -1.854623301240625882e-04 7.516728682650724658e-04
-8.928307331279906833e+00 -2.037076457696071138e-02 -5.318834260431350679e-03 -2.334328272690989244e-04 7.263290403757997676e-04 -1.819691502560914016e-04 7.528505841032308472e-04
-8.810244352550400393e+00 -2.040213291796877035e-02 -5.235046271682753695e-03 -2.356416140379471460e-04 7.250015915654480685e-04 -1.790677293572024938e-04 7.538495963345181279e-04
-8.720102999718760017e+00 -2.042635307762744740e-02 -5.171211691455794741e-03 -2.375868055665626461e-04 7.239079174087904075e-04 -1.768580141157791359e-04 7.546241765521010270e-04
-8.661148649850536785e+00 -2.044232909914649871e-02 -5.129529073289397847e-03 -2.389845450723218059e-04 7.231545976734305445e-04 -1.754154665405795795e-04 7.551366393737416697e-04
-8.635704158736254854e+00 -2.044925884981446326e-02 -5.111555579926488173e-03 -2.396191796792534068e-04 7.228201007781923180e-04 -1.747935263630549948e-04 7.553593043456692611e-04
-8.635704158736254854e+00 -2.044925884981446326e-02 -5.111555579926488173e-03 -2.396191796792534068e-04 7.228201007781923180e-04 -1.747935263630549948e-04 7.553593043456692611e-04
-8.610259667621972923e+00 -2.045620999073823748e-02 -5.093592203348189067e-03 -2.402730015002090230e-04 7.224799287667385854e-04 -1.741719869349712577e-04 7.555828869132098433e-04
-8.551305317753749691e+00 -2.047239998608777617e-02 -5.052010773105058278e-03 -2.418626665383347488e-04 7.216698475123260303e-04 -1.727334476644035676e-04 7.561045286029086879e-04
-8.461163964922109315e+00 -2.049739170878622438e-02 -4.988540858276361949e-03 -2.444997585634803316e-04 7.203716274280251488e-04 -1.705381779485351382e-04 7.569122044814508617e-04
-8.343100986192602875e+00 -2.053058514263729831e-02 -4.905614187550976467e-03 -2.483442090514614235e-04 7.185611386817247889e-04 -1.676708779118001676e-04 7.579894891198924118e-04
-8.201384825474940854e+00 -2.057117182785065529e-02 -4.806388537875323254e-03 -2.535694378950459999e-04 7.162209325761524203e-04 -1.642413853757150653e-04 7.593136760451890807e-04
-8.041137869263678795e+00 -2.061812975449487523e-02 -4.694618081403958455e-03 -2.603220939870878664e-04 7.133523120498624004e-04 -1.603800631644998140e-04 7.608550804087631497e-04
-7.868152016341267263e+00 -2.067021080909563907e-02 -4.574495831200017272e-03 -2.686752274820646642e-04 7.099872273570767729e-04 -1.562322379170866032e-04 7.625760323630794996e-04
-7.688679505297609573e+00 -2.072592260192301916e-02 -4.450479482711379789e-03 -2.785803471153766499e-04 7.061978189590628792e-04 -1.519521007113671545e-04 7.644296909255862303e-04
-7.509206994253951883e+00 -2.078351310111186193e-02 -4.327110906890092867e-03 -2.898262216566484121e-04 7.021014809305838825e-04 -1.476964357672339869e-04 7.663590403039148135e-04
-7.336221141331538576e+00 -2.084097140383523242e-02 -4.208839533555631778e-03 -3.020136304036514911e-04 6.978599161705854696e-04 -1.436185333222372092e-04 7.682965970537727592e-04
-7.175974185120277404e+00 -2.089606017460633042e-02 -4.099858845715759204e-03 -3.145548972555432853e-04 6.936716353992115240e-04 -1.398625987310849850e-04 7.701654186804976704e-04
-7.034258024402616272e+00 -2.094639342895088241e-02 -4.003963319234269368e-03 -3.267045433032918765e-04 6.897584336415709533e-04 -1.365588983581446857e-04 7.718819158856750047e-04
-6.916195045673110720e+00 -2.098956657217445829e-02 -3.924430755920019741e-03 -3.376226956780354021e-04 6.863472955101227943e-04 -1.338197975775726179e-04 7.733607031551968918e-04
-6.826053692841468568e+00 -2.102333384289007193e-02 -3.863932446906841438e-03 -3.464663147868247799e-04 6.836498271257057495e-04 -1.317367599902750854e-04 7.745212757769258383e-04
-6.767099342973246223e+00 -2.104581216256185341e-02 -3.824472997997829977e-03 -3.524955617464870330e-04 6.818418018768433340e-04 -1.303783587750891775e-04 7.752957017995229646e-04
-6.741654851858964292e+00 -2.105561276711521643e-02 -3.807469148404986608e-03 -3.551589603528874949e-04 6.810507160955229329e-04 -1.297930550211610847e-04 7.756338046610362262e-04
-6.741654851858964292e+00 -2.105561276711521643e-02 -3.807469148404986608e-03 -3.551589603528874949e-04 6.810507160955229329e-04 -1.297930550211610847e-04 7.756338046610362262e-04
-6.716210360744682362e+00 -2.106547419105582117e-02 -3.790481557492514451e-03 -3.578597475800385404e-04 6.802531327685257950e-04 -1.292083455597466840e-04 7.759742774954056900e-04
-6.657256010876459129e+00 -2.108856094781447893e-02 -3.751184749633481880e-03 -3.642630096929205981e-04 6.783801135039485564e-04 -1.278558892177004643e-04 7.767724125132431916e-04
-6.567114658044817865e+00 -2.112452277922580515e-02 -3.691272905026922544e-03 -3.744553467159525439e-04 6.754483314831716831e-04 -1.257942876148148131e-04 7.780184974983944809e-04
-6.449051679315312313e+00 -2.117289085327412820e-02 -3.613127597730374143e-03 -3.885642287718743711e-04 6.714832281963664879e-04 -1.231058894485151465e-04 7.796996885242618190e-04
-6.307335518597651181e+00 -2.123296315704644929e-02 -3.519828960797007512e-03 -4.066882994584947782e-04 6.665341340414054558e-04 -1.198970900568440562e-04 7.817955616945170211e-04
-6.147088562386389121e+00 -2.130373636290685407e-02 -3.415020037632856848e-03 -4.288312875959914157e-04 6.606847721983186671e-04 -1.162935752373153882e-04 7.842751531687351500e-04
-5.974102709463976701e+00 -2.138381959241662106e-02 -3.302743947910788836e-03 -4.548264290184721409e-04 6.540625746927868078e-04 -1.124346446017874488e-04 7.870933141367344142e-04
-5.794630198420319012e+00 -2.147133436964270004e-02 -3.187264482777305095e-03 -4.842581683660770455e-04 6.468452961383341828e-04 -1.084669931674114585e-04 7.901865950414685858e-04
-5.615157687376661322e+00 -2.156381492129423941e-02 -3.072879621363245294e-03 -5.163916406958155708e-04 6.392636362798556756e-04 -1.045382844234737403e-04 7.934692257082537250e-04
-5.442171834454248902e+00 -2.165813512651706615e-02 -2.963738827455222446e-03 -5.501247088628781522e-04 6.315987803201022956e-04 -1.007908876109585446e-04 7.968301919976444533e-04
-5.281924878242986843e+00 -2.175050141833717587e-02 -2.863676759205380749e-03 -5.839813302529901209e-04 6.241737799755291529e-04 -9.735620654304783645e-05 8.001328722113328377e-04
-5.140208717525325710e+00 -2.183655775746977737e-02 -2.776076670704576230e-03 -6.161657219731431689e-04 6.173378449896680005e-04 -9.435004548199153480e-05 8.032189301018746079e-04
-5.022145738795820158e+00 -2.191163905582792573e-02 -2.703774207945359217e-03 -6.446900268576203578e-04 6.114434432327394992e-04 -9.186936795172475051e-05 8.059177849822194871e-04
-4.932004385964178894e+00 -2.197117625100321672e-02 -2.649005596729249630e-03 -6.675718220922070758e-04 6.068178305383903955e-04 -8.999057559548072674e-05 8.080617422403303966e-04
-4.873050036095955662e+00 -2.201120330761992955e-02 -2.613396759057591556e-03 -6.830745927715010327e-04 6.037328139737377494e-04 -8.876918126151632515e-05 8.095049097387441422e-04
-4.847605544981673731e+00 -2.202875340113313526e-02 -2.598080873288710017e-03 -6.899002784971811726e-04 6.023865558688313269e-04 -8.824387449776054397e-05 8.101381040603889555e-04
-4.847605544981673731e+00 -2.202875340113313526e-02 -2.598080873288710017e-03 -6.899002784971811726e-04 6.023865558688313269e-04 -8.824387449776054397e-05 8.101381040603889555e-04
-4.822161053867391800e+00 -2.204647238490836658e-02 -2.582797266696173783e-03 -6.968085196285120266e-04 6.010313246877400451e-04 -8.771969443504214919e-05 8.107776490710299350e-04
-4.763206703999168568e+00 -2.208818896540245408e-02 -2.547511303965802314e-03 -7.131370954067036685e-04 5.978565641617193107e-04 -8.650957000251335057e-05 8.122843466150215467e-04
-4.673065351167527304e+00 -2.215381924912992323e-02 -2.493906570335099621e-03 -7.389962748994925029e-04 5.929075982510954119e-04 -8.467140243497191926e-05 8.146574151485355469e-04
-4.555002372438021752e+00 -2.224331875397324645e-02 -2.424354877133843515e-03 -7.745610879871827519e-04 5.862498972087546150e-04 -8.228673853928618234e-05 8.178984018137112726e-04
-4.413286211720360619e+00 -2.235638440643525349e-02 -2.341895177402345506e-03 -8.199157206091258095e-04 5.779910767875199489e-04 -7.945999491518521661e-05 8.219999519304498460e-04
-4.253039255509098560e+00 -2.249218745008652390e-02 -2.250065925792634272e-03 -8.749025398952309457e-04 5.682966500010877119e-04 -7.631265704099348193e-05 8.269355698483695514e-04
-4.080053402586686140e+00 -2.264902237826032366e-02 -2.152701525305454004e-03 -9.389389349609626560e-04 5.574056488037922334e-04 -7.297626041831668591e-05 8.326462812380425486e-04
-3.900580891543028006e+00 -2.282390652283440916e-02 -2.053712744644046150e-03 -1.010826277125896275e-03 5.456414437688916720e-04 -6.958484465781260915e-05 8.390255315859754042e-04
-3.721108380499371204e+00 -2.301221071266773555e-02 -1.956875815601710582e-03 -1.088593650349501361e-03 5.334120892455053355e-04 -6.626773079999870308e-05 8.459053325342386293e-04
-3.548122527576957896e+00 -2.320742805607704795e-02 -1.865653656766256933e-03 -1.169424866222394666e-03 5.211968873121494575e-04 -6.314342154379128970e-05 8.530476282859923579e-04
-3.387875571365695837e+00 -2.340118633139865595e-02 -1.783064475387714874e-03 -1.249707646190555133e-03 5.095203036015820940e-04 -6.031513727828151004e-05 8.601447696571158956e-04
-3.246159410648035148e+00 -2.358359012937626467e-02 -1.711605533305946003e-03 -1.325226815546654826e-03 4.989172561304848572e-04 -5.786824313808273539e-05 8.668322496861659461e-04
-3.128096431918530040e+00 -2.374393196485595492e-02 -1.653232835847389922e-03 -1.391498679421801499e-03 4.898948176847890690e-04 -5.586958361847966462e-05 8.727151125715452203e-04
-3.037955079086887888e+00 -2.387172536320159022e-02 -1.609387805917204817e-03 -1.444210122165018578e-03 4.828957496318371317e-04 -5.436841336172552343e-05 8.774062639317210506e-04
-2.979000729218665100e+00 -2.395790984757926317e-02 -1.581055208258654509e-03 -1.479694303925776621e-03 4.782685607181354518e-04 -5.339838500546402575e-05 8.805711128967743089e-04
-2.953556238104383169e+00 -2.399575761321714323e-02 -1.568911450457411046e-03 -1.495259021938976111e-03 4.762597002556036470e-04 -5.298262231556950732e-05 8.819612150897820392e-04
-2.953556238104383169e+00 -2.399575761321714323e-02 -1.568911450457411046e-03 -1.495259021938976111e-03 4.762597002556036470e-04 -5.298262231556950732e-05 8.819612150897820392e-04
-2.928111746990100794e+00 -2.404013628280948084e-02 -1.554896230915914050e-03 -1.513494693496940857e-03 4.739219371056156856e-04 -5.250279047287342312e-05 8.835913856119149892e-04
-2.869157397121878006e+00 -2.414500319500268583e-02 -1.522703271918626538e-03 -1.556518489587021105e-03 4.684726507060718668e-04 -5.140062945897309302e-05 8.874442832538484731e-04
-2.779016044290237186e+00 -2.431099652674254333e-02 -1.474241414280501664e-03 -1.624412612832944972e-03 4.600561973757511338e-04 -4.974150992929355752e-05 8.935451337554054440e-04
-2.660953065560731190e+00 -2.453912552719595547e-02 -1.412173467827312120e-03 -1.717263915422411608e-03 4.488897929027383716e-04 -4.761659754442617735e-05 9.019334217069025243e-04
-2.519236904843069169e+00 -2.482977309582647119e-02 -1.339797325691874721e-03 -1.834717203256983542e-03 4.352963740873928454e-04 -4.513875896351138940e-05 9.126257995046698499e-04
-2.358989948631807110e+00 -2.518174771523122232e-02 -1.260781728140527788e-03 -1.975576920124860140e-03 4.197166207891922323e-04 -4.243350374643346085e-05 9.255807528961034923e-04
-2.186004095709395134e+00 -2.559115661686580181e-02 -1.178878749305116609e-03 -2.137395807385371500e-03 4.027081024018051283e-04 -3.962915019115857836e-05 9.406567235236005164e-04
-2.006531584665737000e+00 -2.605023993863775367e-02 -1.097649969024033995e-03 -2.316134073680869206e-03 3.849265042429787049e-04 -3.684748174373497933e-05 9.575688974806078474e-04
-1.827059073622079088e+00 -2.654640031368265402e-02 -1.020241731831782747e-03 -2.505988596591238009e-03 3.670883044537235230e-04 -3.419609861347100221e-05 9.758533312436215579e-04
-1.654073220699666891e+00 -2.706172044507306265e-02 -9.492371781812022338e-04 -2.699476598500709628e-03 3.499203174347813522e-04 -3.176339861989725016e-05 9.948491976599503801e-04
-1.493826264488405053e+00 -2.757324626905396925e-02 -8.865979262167154483e-04 -2.887809168993936328e-03 3.341064254886190314e-04 -2.961661275628271124e-05 1.013709358737213554e-03
-1.352110103770743033e+00 -2.805420288945006252e-02 -8.336902354039719184e-04 -3.061519976906025651e-03 3.202430803472140742e-04 -2.780270695866642164e-05 1.031445389800469004e-03
-1.234047125041237036e+00 -2.847611922877803584e-02 -7.913749411909552127e-04 -3.211250815402192944e-03 3.088119660698467679e-04 -2.635143725740175341e-05 1.047006131238611189e-03
-1.143905772209595995e+00 -2.881161694000534609e-02 -7.601320796916593648e-04 -3.328564401072664231e-03 3.001721234486203838e-04 -2.527956763329657417e-05 1.059380727579733832e-03
-1.084951422341372984e+00 -2.903742692836945583e-02 -7.401920414368082799e-04 -3.406661396593590064e-03 2.945679760395395830e-04 -2.459529815158731950e-05 1.067710036289029867e-03
-1.059506931227091053e+00 -2.913646631203512666e-02 -7.317056310169221204e-04 -3.440697472663005029e-03 2.921614376615581281e-04 -2.430403123034348937e-05 1.071363347336185727e-03
-1.059506931227091053e+00 -2.913646631203512666e-02 -7.317056310169221204e-04 -3.440697472663005029e-03 2.921614376615581281e-04 -2.430403123034348937e-05 1.071363347336185727e-03
-1.034062440112808900e+00 -2.923646619741083683e-02 -7.232909931847538625e-04 -3.474930173986623926e-03 2.897625607051851305e-04 -2.401520031171659836e-05 1.075052152497618652e-03
-9.751080902445861120e-01 -2.947188300930030785e-02 -7.040687943909909987e-04 -3.554993492228264006e-03 2.842350242857286796e-04 -2.335529472866894275e-05 1.083736469275365169e-03
-8.849667374129448483e-01 -2.984200069285293522e-02 -6.754124781951136242e-04 -3.679388570963745050e-03 2.758709980717580527e-04 -2.237121425716011606e-05 1.097390405693894014e-03
-7.669037586834388520e-01 -3.034567781362402378e-02 -6.392037369030741231e-04 -3.845815509305140854e-03 2.650896228555058693e-04 -2.112720687248849605e-05 1.115972536054191284e-03
-6.251875979657778304e-01 -3.097919340031313543e-02 -5.976828849857842955e-04 -4.050575027979641009e-03 2.524324762067372088e-04 -1.969978761095832757e-05 1.139346293397901092e-03
-4.649406417545159931e-01 -3.173445824233482593e-02 -5.532159296300166512e-04 -4.288231783013509921e-03 2.385291651232399979e-04 -1.816981378298898836e-05 1.167213848633674245e-03
-2.919547888321041840e-01 -3.259720086664937705e-02 -5.080715382344178858e-04 -4.551433609037696705e-03 2.240497540646448006e-04 -1.661490658145780690e-05 1.199049086464158524e-03
-1.124822777884462027e-01 -3.354548097780673394e-02 -4.642428594004302327e-04 -4.830983099546293583e-03 2.096501672427044402e-04 -1.510340552226287373e-05 1.234042700022527656e-03
6.699023325521125116e-02 -3.454893768099964735e-02 -4.233366798512630817e-04 -5.116204845935706964e-03 1.959203546808681794e-04 -1.369061242576582739e-05 1.271074424053963894e-03
2.399760861776231990e-01 -3.556912124806670822e-02 -3.865360032548277635e-04 -5.395570206222554364e-03 1.833455734602204589e-04 -1.241752173363794463e-05 1.308725263028426679e-03
4.002230423888851196e-01 -3.656108764439915115e-02 -3.546261372056686229e-04 -5.657467273118521947e-03 1.722876906361147026e-04 -1.131169158951460844e-05 1.345336324321988030e-03
5.419392031065459747e-01 -3.747619386985835688e-02 -3.280637476755308285e-04 -5.890969583039070388e-03 1.629875351329495257e-04 -1.038955375326899296e-05 1.379111981907201086e-03
6.600021818360519710e-01 -3.826579040506809110e-02 -3.070654191169548751e-04 -6.086476042730596357e-03 1.555838037117947259e-04 -9.659367307343991405e-06 1.408256182177065408e-03
7.501435346676930127e-01 -3.888533232463074751e-02 -2.916959507856795898e-04 -6.236152396273867034e-03 1.501410214362017292e-04 -9.124151832575535596e-06 1.431124248952966079e-03
8.090978845359160232e-01 -3.929833964047986516e-02 -2.819440926836699933e-04 -6.334166915123291830e-03 1.466791613222963786e-04 -8.784192974751640765e-06 1.446369167398751411e-03
8.345423756501979540e-01 -3.947850034801934221e-02 -2.778069070920748639e-04 -6.376489052634288363e-03 1.452088247327704899e-04 -8.639875502693369663e-06 1.453019331582922199e-03
8.345423756501979540e-01 -3.947850034801934221e-02 -2.778069070920748639e-04 -6.376489052634288363e-03 1.452088247327704899e-04 -8.639875502693369663e-06 1.453019331582922199e-03
8.599868667644797737e-01 -3.965981107719968729e-02 -2.737123254806887447e-04 -6.418818896519237066e-03 1.437527823860424293e-04 -8.496988604228624230e-06 1.459711992055038200e-03
9.189412166327028952e-01 -4.008432059022516009e-02 -2.643866199605482024e-04 -6.516910635560922357e-03 1.404338746474991504e-04 -8.171339300961760868e-06 1.475381946769769572e-03
1.009082569464343937e+00 -4.074531006718548620e-02 -2.505533637984098385e-04 -6.666867405017446596e-03 1.355059922894119996e-04 -7.687707967684484671e-06 1.499781612136291903e-03
1.127145548193849933e+00 -4.163277479784855545e-02 -2.331861082680226937e-04 -6.863049361420070493e-03 1.293166935285874300e-04 -7.079451511512751940e-06 1.532542323426902466e-03
1.268861708911511954e+00 -4.273043110739080386e-02 -2.134104432880924902e-04 -7.097861525695938617e-03 1.222765979820138876e-04 -6.385220294187499642e-06 1.573063799879017817e-03
1.429108665122774013e+00 -4.401387983645574375e-02 -1.923742586001159964e-04 -7.361983265153786843e-03 1.148133863523020525e-04 -5.644571742113967766e-06 1.620446266677578019e-03
1.602094518045185989e+00 -4.544917266978610454e-02 -1.711375464861623105e-04 -7.644794944436484642e-03 1.073279747078667302e-04 -4.894244276702618670e-06 1.673437403482902746e-03
1.781567029088843901e+00 -4.699219223111159027e-02 -1.505981521370250073e-04 -7.934973327918228708e-03 1.001604935531671297e-04 -4.165642169466381797e-06 1.730409288315595817e-03
1.961039540132502035e+00 -4.858917425007200364e-02 -1.314582151084478328e-04 -8.221174637813764841e-03 9.357088705679853966e-05 -3.483685530979660962e-06 1.789377475399084663e-03
2.134025393054913788e+00 -5.017850937895457220e-02 -1.142259770065177465e-04 -8.492692561453067668e-03 8.773500539932170908e-05 -2.866840260152428824e-06 1.848067327395152551e-03
2.294272349266175848e+00 -5.169373207968980949e-02 -9.924161377293898843e-05 -8.739986285935950200e-03 8.275339820295449559e-05 -2.327942690059476790e-06 1.904024240675144131e-03
2.435988509983837869e+00 -5.306739884231615606e-02 -8.671450898266402322e-05 -8.955015093741776691e-03 7.866791628603486415e-05 -1.875395891755018377e-06 1.954756825098915608e-03
2.554051488713343865e+00 -5.423542659250429887e-02 -7.676172634122413799e-05 -9.131370875175912408e-03 7.548104939665201585e-05 -1.514397315696838504e-06 1.997897224115469453e-03
2.644192841544985129e+00 -5.514141918070573911e-02 -6.944134327028809116e-05 -9.264246223389021109e-03 7.317412454554873423e-05 -1.247991353433854965e-06 2.031361135096313233e-03
2.703147191413207917e+00 -5.574051265562020296e-02 -6.477823347015674996e-05 -9.350297094819059324e-03 7.172223804940011324e-05 -1.077873950120564590e-06 2.053490150954961468e-03
2.728591682527489848e+00 -5.600066531139659409e-02 -6.279517591740683285e-05 -9.387224843380934103e-03 7.110915548269647389e-05 -1.005427157234048419e-06 2.063099736702674221e-03
2.728591682527489848e+00 -5.600066531139659409e-02 -6.279517591740683285e-05 -9.387224843380934103e-03 7.110915548269647389e-05 -1.005427157234048419e-06 2.063099736702674221e-03
2.754036173641771779e+00 -5.626176831904599468e-02 -6.082958233076108913e-05 -9.424023903269551292e-03 7.050410843633728966e-05 -9.335570243029527758e-07 2.072744547150404473e-03
2.812990523509995011e+00 -5.687036737319810936e-02 -5.634117827708730802e-05 -9.508787820410636443e-03 6.913260073873001639e-05 -7.692084348848183203e-07 2.095225886431714528e-03
2.903131876341635831e+00 -5.781061919891974238e-02 -4.965088122321885411e-05 -9.637028021734468999e-03 6.711546363877577900e-05 -5.236085073228161134e-07 2.129959613663899923e-03
3.021194855071141827e+00 -5.905958134638700230e-02 -4.118926820108571786e-05 -9.802453501963176788e-03 6.461377086111905015e-05 -2.118527775836435487e-07 2.176099845183972637e-03
3.162911015788802960e+00 -6.058436077966591199e-02 -3.145628669826919520e-05 -9.997148792625884170e-03 6.180972999485382171e-05 1.484124362060075837e-07 2.232433436839966357e-03
3.323157972000065019e+00 -6.234126876899066805e-02 -2.096773636093044005e-05 -1.021212280726452142e-02 5.888337315422233009e-05 5.387960449200841161e-07 2.297348489969535269e-03
3.496143824922476995e+00 -6.427564034776991897e-02 -1.021138442835788838e-05 -1.043792767094336126e-02 5.599363189943861498e-05 9.416528976865943638e-07 2.368827330771833967e-03
3.675616335966135129e+00 -6.632257721582696108e-02 3.817496598332213018e-07 -1.066526706145005422e-02 5.326661959906299606e-05 1.341075823830752581e-06 2.444473564521684131e-03
3.855088847009791930e+00 -6.840875013170381880e-02 1.045054622385636619e-05 -1.088551739048962408e-02 5.079162176048180693e-05 1.723378254540794521e-06 2.521578296149425743e-03
4.028074699932204794e+00 -7.045521437795433661e-02 1.970455607539982771e-05 -1.109110463764971868e-02 4.862343684657463924e-05 2.077174755587494642e-06 2.597223885185323110e-03
4.188321656143465965e+00 -7.238102584259288597e-02 2.791709972453122876e-05 -1.127571221938016705e-02 4.678874322884295141e-05 2.393215479829882380e-06 2.668417465130511548e-03
4.330037816861127098e+00 -7.410733348868565884e-02 3.491515609642636660e-05 -1.143432957739633389e-02 4.529411984990329377e-05 2.664119896030611138e-06 2.732242299988644780e-03
4.448100795590634426e+00 -7.556157978453717505e-02 4.056925002544476934e-05 -1.156317697187096531e-02 4.413390529455320162e-05 2.884111803817419602e-06 2.786013370372494771e-03
4.538242148422273914e+00 -7.668145307856526205e-02 4.478506450403421337e-05 -1.165955432514524832e-02 4.329684035865032934e-05 3.048807606866834665e-06 2.827423985042943396e-03
4.597196498290497146e+00 -7.741824900658021702e-02 4.749716464866905730e-05 -1.172165892717672367e-02 4.277112552605393480e-05 3.155064739276641141e-06 2.854670648428805999e-03
4.622640989404779077e+00 -7.773730079323748487e-02 4.865701097171279459e-05 -1.174823755127620689e-02 4.254937280855905702e-05 3.200580111732570277e-06 2.866469524002900494e-03
4.622640989404779077e+00 -7.773730079323748487e-02 4.865701097171279459e-05 -1.174823755127620689e-02 4.254937280855905702e-05 3.200580111732570277e-06 2.866469524002900494e-03
4.648085480519061008e+00 -7.805698173228707570e-02 4.981053903301008038e-05 -1.177468070733157270e-02 4.233065945822589730e-05 3.245891703789711045e-06 2.878291886551068504e-03
4.707039830387284240e+00 -7.880007077954778727e-02 5.245943038718451658e-05 -1.183543036761218817e-02 4.183535059253400986e-05 3.350110169685747978e-06 2.905773479155274435e-03
4.797181183218926392e+00 -7.994262871212184929e-02 5.644724479102641482e-05 -1.192692483904895032e-02 4.110795819066642378e-05 3.507452034357484906e-06 2.948030935722687623e-03
4.915244161948431056e+00 -8.145048714922993593e-02 6.156153817200407424e-05 -1.204423991016916745e-02 4.020736884594745396e-05 3.710031443999677048e-06 3.003803397599173839e-03
5.056960322666093077e+00 -8.327697576966014426e-02 6.754731877365572864e-05 -1.218133679168866522e-02 3.919950078516335992e-05 3.948276144028773527e-06 3.071368054898658204e-03
5.217207278877355137e+00 -8.536323541168153173e-02 7.412885546727540653e-05 -1.233155665523742554e-02 3.814875852003292504e-05 4.211677137706667116e-06 3.148551198695900746e-03
5.390193131799767556e+00 -8.763923358037552236e-02 8.102862757673642531e-05 -1.248811925766537580e-02 3.711141571001502017e-05 4.489454763244159235e-06 3.232765181615767855e-03
5.569665642843425246e+00 -9.002557706404017146e-02 8.798134470960150371e-05 -1.264456051737356326e-02 3.613179354273537102e-05 4.771072275952458327e-06 3.321074869012910057e-03
5.749138153887082936e+00 -9.243613101632319751e-02 9.474280320917178970e-05 -1.279506438002498379e-02 3.524120692722662541e-05 5.046588809208817817e-06 3.410294027687957308e-03
5.922124006809495356e+00 -9.478132778430413408e-02 1.010945326916463049e-04 -1.293466817723788048e-02 3.445904222302640231e-05 5.306881501256965745e-06 3.497107438940906792e-03
6.082370963020757415e+00 -9.697194756765864510e-02 1.068456652549692467e-04 -1.305934437368004054e-02 3.379509033753428488e-05 5.543780988202062501e-06 3.578210758081300062e-03
6.224087123738419436e+00 -9.892309665028381493e-02 1.118333699566024738e-04 -1.316597986240856423e-02 3.325232534768257116e-05 5.750160493806395022e-06 3.650458012915700715e-03
6.342150102467924988e+00 -1.005580989510859863e-01 1.159228020099745918e-04 -1.325228413092851935e-02 3.282955111311182519e-05 5.920005439346997213e-06 3.711006203031602581e-03
6.432291455299566252e+00 -1.018120394750740010e-01 1.190070587245745001e-04 -1.331665980020227576e-02 3.252360194490424753e-05 6.048475663528661325e-06 3.757447243196813513e-03
6.491245805167788596e+00 -1.026346991217720883e-01 1.210071662929511723e-04 -1.335806344624889709e-02 3.233100344585242158e-05 6.131956707902851238e-06 3.787917474196055272e-03
6.516690296282071415e+00 -1.029903692072491189e-01 1.218663523547855687e-04 -1.337576406210803578e-02 3.224965122871762860e-05 6.167858276621599054e-06 3.801091554531686560e-03
6.516690296282071415e+00 -1.029903692072491189e-01 1.218663523547855687e-04 -1.337576406210803578e-02 3.224965122871762860e-05 6.167858276621599054e-06 3.801091554531686560e-03
6.542134787396353346e+00 -1.033464046529797981e-01 1.227231368089278310e-04 -1.339336343440046193e-02 3.216934591337974398e-05 6.203683679539192566e-06 3.814279488231249980e-03
6.601089137264576578e+00 -1.041727188987196240e-01 1.246992187625839822e-04 -1.343375439717409484e-02 3.198722089077026497e-05 6.286402757194895729e-06 3.844888290482942686e-03
6.691230490096217842e+00 -1.054398341157466723e-01 1.276968189329844732e-04 -1.349447981171039875e-02 3.171905242326553636e-05 6.412124595589564947e-06 3.891828872252443838e-03
6.809293468825723394e+00 -1.071059796465885089e-01 1.315811255616076601e-04 -1.357215804265789888e-02 3.138573746084784608e-05 6.575463230802366150e-06 3.953557896509922627e-03
6.951009629543385415e+00 -1.091153485893155417e-01 1.361843046942814658e-04 -1.366267793382238901e-02 3.101077788690133292e-05 6.769643888675287187e-06 4.028012569013278421e-03
7.111256585754646586e+00 -1.113992799708830722e-01 1.413162568893872582e-04 -1.376155244318292767e-02 3.061732068345287769e-05 6.986894265327874408e-06 4.112653652559188078e-03
7.284242438677058118e+00 -1.138781118723670854e-01 1.467750338078575314e-04 -1.386426373851426877e-02 3.022585950608983548e-05 7.218837134952627939e-06 4.204533284024429725e-03
7.463714949720715808e+00 -1.164636857406542297e-01 1.523559240459910786e-04 -1.396655550939504033e-02 2.985288833452092813e-05 7.456849733007450717e-06 4.300386979997980127e-03
7.643187460764372609e+00 -1.190624406191906487e-01 1.578588992612176066e-04 -1.406464566223109870e-02 2.951049369556124264e-05 7.692377686152491323e-06 4.396747690568058795e-03
7.816173313686785917e+00 -1.215789568123849529e-01 1.630945351527030159e-04 -1.415534993848402597e-02 2.920666986080389501e-05 7.917204195364297282e-06 4.490076814681962479e-03
7.976420269898047088e+00 -1.239197494404092742e-01 1.678887172078774679e-04 -1.423612220071320163e-02 2.894606334988858803e-05 8.123680858822919247e-06 4.576904865093251069e-03
8.118136430615708221e+00 -1.259970855991340288e-01 1.720864529337527921e-04 -1.430502774697919172e-02 2.873087542486591021e-05 8.304926684173184054e-06 4.653973420462606189e-03
8.236199409345214661e+00 -1.277326031890246572e-01 1.755550219887696737e-04 -1.436067131845926263e-02 2.856172804358009373e-05 8.454999179524354085e-06 4.718370091806226192e-03
8.326340762176855037e+00 -1.290605331334001571e-01 1.781865739288237280e-04 -1.440210208184809076e-02 2.843838597601385689e-05 8.569038052557468807e-06 4.767649037948885893e-03
8.385295112045078270e+00 -1.299303170642597260e-01 1.799000946589133934e-04 -1.442871399213010650e-02 2.836030245381924569e-05 8.643375725222603693e-06 4.799929153062010637e-03
8.410739603159360200e+00 -1.303060201524857409e-01 1.806378339060821117e-04 -1.444008253495925737e-02 2.832721304771198797e-05 8.675400623081398402e-06 4.813873230169882916e-03
8.410739603159360200e+00 -1.303060201524857409e-01 1.806378339060821117e-04 -1.444008253495925737e-02 2.832721304771198797e-05 8.675400623081398402e-06 4.813873230169882916e-03
8.436184094273642131e+00 -1.306819056910037413e-01 1.813744960402754395e-04 -1.445138100010956786e-02 2.829448465260797030e-05 8.707390383621198087e-06 4.827824493203470776e-03
8.495138444141865364e+00 -1.315535146521969734e-01 1.830772418307608971e-04 -1.447729195191508993e-02 2.822001273079536841e-05 8.781376559404615456e-06 4.860176488072282149e-03
8.585279796973505739e+00 -1.328880242123827160e-01 1.856699369276166136e-04 -1.451619592863992100e-02 2.810969840078178145e-05 8.894147859632311968e-06 4.909714571624050963e-03
8.703342775703012180e+00 -1.346390979416360323e-01 1.890465689648555413e-04 -1.456586739702976814e-02 2.797139696840979410e-05 9.041221244161119560e-06 4.974723894009528205e-03
8.845058936420674200e+00 -1.367455256482556503e-01 1.930721162672970569e-04 -1.462361189209860322e-02 2.781406220442203154e-05 9.216850131609068624e-06 5.052938071824535776e-03
9.005305892631936260e+00 -1.391329732746341419e-01 1.975894543617618597e-04 -1.468650486358632871e-02 2.764669420964305089e-05 9.414296118262714376e-06 5.141603129773859859e-03
9.178291745554348680e+00 -1.417163673419026271e-01 2.024267391427824511e-04 -1.475162278702147126e-02 2.747750720982928689e-05 9.626128817031491701e-06 5.237564964105095346e-03
9.357764256598006369e+00 -1.444028205770902240e-01 2.074046485680630875e-04 -1.481623695245282667e-02 2.731342141592474690e-05 9.844530381696297850e-06 5.337377015270777618e-03
9.537236767641664059e+00 -1.470949953916232955e-01 2.123431589584892035e-04 -1.487795230770798741e-02 2.715987769081056898e-05 1.006159107685323468e-05 5.437424468160785042e-03
9.710222620564076479e+00 -1.496947542861898073e-01 2.170677006901752478e-04 -1.493478537130930699e-02 2.702090297631892964e-05 1.026958720779742622e-05 5.534059506329008261e-03
9.870469576775338538e+00 -1.521069139354005451e-01 2.214146362742388000e-04 -1.498518524771169126e-02 2.689932581655736266e-05 1.046123569550551889e-05 5.623740894966110238e-03
1.001218573749300056e+01 -1.542429108520237957e-01 2.252360453680660440e-04 -1.502800878723215515e-02 2.679704786020656573e-05 1.062992116666337374e-05 5.703170766518606861e-03
1.013024871622251055e+01 -1.560241991123740568e-01 2.284038089790618958e-04 -1.506246457398733272e-02 2.671530352213016325e-05 1.076989230805986707e-05 5.769421869537887278e-03
1.022039006905414915e+01 -1.573852243897447267e-01 2.308129743594879754e-04 -1.508804108936231785e-02 2.665487117189917554e-05 1.087642466932675670e-05 5.820049349966526994e-03
1.027934441892237061e+01 -1.582758026284462327e-01 2.323842904025012301e-04 -1.510443215985328436e-02 2.661622711070985733e-05 1.094594396800292049e-05 5.853180487710877254e-03
1.030478891003665076e+01 -1.586602751338648531e-01 2.330614205973584926e-04 -1.511142515940833327e-02 2.659975621887202132e-05 1.097591069164792954e-05 5.867484394279429485e-03
1.030478891003665076e+01 -1.586602751413907497e-01 2.330614207379262800e-04 2.975404900237947278e-02 -5.048946014409871636e-04 1.097591076043331695e-05 5.867484399742294889e-03
1.033023340115092914e+01 -1.579059203315170967e-01 2.202462162759582479e-04 2.954947900262068841e-02 -5.025697965663237718e-04 1.050650595055871045e-05 5.839639061182072197e-03
1.038918775101915948e+01 -1.561788050178188059e-01 1.907939764156986755e-04 2.908243292414353087e-02 -4.972628033115407105e-04 9.427754711097099100e-06 5.775886484233059073e-03
1.047932910385079985e+01 -1.535928294928450011e-01 1.463973956211542325e-04 2.838661134857573334e-02 -4.893580160737555666e-04 7.801758800692534180e-06 5.680431190549145581e-03
1.059739208258029919e+01 -1.503029295276869792e-01 8.937631280144122227e-05 2.750750350881409761e-02 -4.793740271362667798e-04 5.713614943486375124e-06 5.558992495832070294e-03
1.073910824329795943e+01 -1.464934734686349771e-01 2.255303540520202022e-05 2.649830408027199768e-02 -4.679166846488355333e-04 3.266814030146574468e-06 5.418376183368663057e-03
1.089935519950923037e+01 -1.423605580299649453e-01 -5.097682929349993392e-05 2.541428118242057901e-02 -4.556146640735242708e-04 5.748162869255260963e-07 5.265820950775295349e-03
1.107234105243163924e+01 -1.380960674781995523e-01 -1.280590775192884617e-04 2.430792312910589822e-02 -4.430641233451595648e-04 -2.246832762935871745e-06 5.108409942878948916e-03
1.125181356347530048e+01 -1.338755164812701626e-01 -2.056560320098969278e-04 2.322548842721780180e-02 -4.307895636066974977e-04 -5.086922087775250848e-06 4.952621952918813235e-03
1.143128607451894929e+01 -1.298504545320345038e-01 -2.809716518554074109e-04 2.220513399467878221e-02 -4.192228238079633257e-04 -7.843149346866707392e-06 4.804051016260296215e-03
1.160427192744137059e+01 -1.261452089369103913e-01 -3.515276558237137735e-04 2.127645342033027479e-02 -4.086981906373523491e-04 -1.042489118970744958e-05 4.667286172525266300e-03
1.176451888365263088e+01 -1.228570986572290330e-01 -4.151990855415485559e-04 2.046106158815102702e-02 -3.994593809423118325e-04 -1.275448386250684983e-05 4.545919370387356030e-03
1.190623504437028934e+01 -1.200589855909428710e-01 -4.702208681279113349e-04 1.977380907110444855e-02 -3.916735831869548796e-04 -1.476744276045627839e-05 4.442639676888585076e-03
1.202429802309979934e+01 -1.178030588860608102e-01 -5.151767700238101249e-04 1.922425622209515336e-02 -3.854483184502854962e-04 -1.641204180313488562e-05 4.359373019365487233e-03
1.211443937593143971e+01 -1.161249504841718183e-01 -5.489799924137088319e-04 1.881813161745436030e-02 -3.808480007098279043e-04 -1.764859293338637449e-05 4.297434163882451162e-03
1.217339372579965939e+01 -1.150475942832607235e-01 -5.708507641668053795e-04 1.855861304086964952e-02 -3.779083956827616084e-04 -1.844862146708243315e-05 4.257669230253282970e-03
1.219883821691393955e+01 -1.145874463823121081e-01 -5.802331764063727850e-04 1.844806270777015617e-02 -3.766561820926883739e-04 -1.879182299020236123e-05 4.240685342728336277e-03
1.219883821691393955e+01 -1.145874463823121081e-01 -5.802331764063727850e-04 1.844806270777015617e-02 -3.766561820926883739e-04 -1.879182299020236123e-05 4.240685342728336277e-03
1.222428270802821970e+01 -1.141301802011025629e-01 -5.895816407338827720e-04 1.833837889932601536e-02 -3.754137848574053095e-04 -1.913377969839056639e-05 4.223807848962508361e-03
1.228323705789645004e+01 -1.130816500329510088e-01 -6.111128297991680986e-04 1.808752843738131028e-02 -3.725723761253534072e-04 -1.992135627771949273e-05 4.185107179103021019e-03
1.237337841072809042e+01 -1.115074731302966998e-01 -6.436917035885814401e-04 1.771265968051223896e-02 -3.683261425305717467e-04 -2.111301239002155399e-05 4.127005498132814941e-03
1.249144138945758975e+01 -1.094973184725919757e-01 -6.857523752754098988e-04 1.723703896363489030e-02 -3.629384473972731870e-04 -2.265144700878845801e-05 4.052812797946627431e-03
1.263315755017526065e+01 -1.071590035774206834e-01 -7.353578516881740471e-04 1.668817588288526096e-02 -3.567205401442686001e-04 -2.446579420205709633e-05 3.966508943845468461e-03
1.279340450638651916e+01 -1.046087762962723544e-01 -7.903377011893397783e-04 1.609507450365563891e-02 -3.500004280722335270e-04 -2.647666633374337885e-05 3.872384903758500745e-03
1.296639035930892980e+01 -1.019623137700784166e-01 -8.484232745925979592e-04 1.548579318010953956e-02 -3.430953260213927920e-04 -2.860110188125362284e-05 3.774710453869360629e-03
1.314586287035258927e+01 -9.932756492748559540e-02 -9.073655444126159375e-04 1.488562633487262518e-02 -3.362912171515244734e-04 -3.075687098791951877e-05 3.677469946565012186e-03
1.332533538139625051e+01 -9.679994297197834496e-02 -9.650281389721547922e-04 1.431602034367331251e-02 -3.298307510484064955e-04 -3.286586887029759382e-05 3.584184841666271208e-03
1.349832123431865938e+01 -9.445985520474761699e-02 -1.019454094983139559e-03 1.379417496896296995e-02 -3.239088747856136603e-04 -3.485654624848521940e-05 3.497822537583418143e-03
1.365856819052991966e+01 -9.237219544139285698e-02 -1.068909057605423952e-03 1.333318116106602461e-02 -3.186744616546159756e-04 -3.666548015578844960e-05 3.420777669690050222e-03
1.380028435124757991e+01 -9.058724450063274092e-02 -1.111905867096153831e-03 1.294250806203080945e-02 -3.142357942439352172e-04 -3.823826856888012970e-05 3.354905403465157157e-03
1.391834732997708990e+01 -8.914239842865330499e-02 -1.147215990260159503e-03 1.262866162776156258e-02 -3.106678937046388161e-04 -3.952994977834534113e-05 3.301585294260766471e-03
1.400848868280873027e+01 -8.806422036535541120e-02 -1.173872603992970939e-03 1.239587363392618755e-02 -3.080201219148484375e-04 -4.050512186749011121e-05 3.261797098220231301e-03
1.406744303267694995e+01 -8.737046812919392613e-02 -1.191168083075843341e-03 1.224673121745603263e-02 -3.063230804403670963e-04 -4.113786100707796106e-05 3.236195682762365612e-03
1.409288752379123011e+01 -8.707378637580183434e-02 -1.198599421617971934e-03 1.218310593788280924e-02 -3.055989414323161341e-04 -4.140973559245880096e-05 3.225247349298260985e-03
1.409288752379123011e+01 -8.707378637580183434e-02 -1.198599421617971934e-03 1.218310593788280924e-02 -3.055989414323161341e-04 -4.140973559245880096e-05 3.225247349298260985e-03
1.411833201490551915e+01 -8.677873926602026888e-02 -1.206010853966953122e-03 1.211992381483236771e-02 -3.048797429568665261e-04 -4.168088559224735607e-05 3.214359375081896498e-03
1.417728636477374060e+01 -8.610133824297076799e-02 -1.223107213638748806e-03 1.197521435002449168e-02 -3.032321224176063928e-04 -4.230637677707990431e-05 3.189361728479520128e-03
1.426742771760537920e+01 -8.508211050073868909e-02 -1.249045961234154182e-03 1.175840966348161605e-02 -3.007625434566931042e-04 -4.325541841024489222e-05 3.151750273956384959e-03
1.438549069633488919e+01 -8.377664514990865174e-02 -1.282658844036937236e-03 1.148236235758796388e-02 -2.976160677463545378e-04 -4.448531915023514838e-05 3.103576798735899287e-03
1.452720685705254944e+01 -8.225236891357509683e-02 -1.322481660120308810e-03 1.116241485336419599e-02 -2.939659783326989601e-04 -4.594257016160114101e-05 3.047329942666621942e-03
1.468745381326380972e+01 -8.058281326489458163e-02 -1.366846421878646070e-03 1.081494785513927546e-02 -2.899975156593160913e-04 -4.756620798174158202e-05 2.985723550590541932e-03
1.486043966618622036e+01 -7.884217555418070178e-02 -1.413975802952296490e-03 1.045605809258344163e-02 -2.858930893874803364e-04 -4.929125826223621523e-05 2.921495884648891116e-03
1.503991217722987983e+01 -7.710084320015320181e-02 -1.462070103403166014e-03 1.010053379434201065e-02 -2.818208404925041087e-04 -5.105190471761321370e-05 2.857244400260916094e-03
1.521938468827353930e+01 -7.542221552456473965e-02 -1.509381213933127033e-03 9.761198610926559785e-03 -2.779273178083406493e-04 -5.278418384420755915e-05 2.795308440621576372e-03
1.539237054119594994e+01 -7.386086938977017013e-02 -1.554271397251679549e-03 9.448613650121740967e-03 -2.743341216999514330e-04 -5.442812834519985285e-05 2.737701555267139496e-03
1.555261749740721022e+01 -7.246190044677054687e-02 -1.595257262406884948e-03 9.171072539303305737e-03 -2.711377621816251217e-04 -5.592937527530661787e-05 2.686087232756483555e-03
1.569433365812487047e+01 -7.126115135655375354e-02 -1.631040883434720394e-03 8.934799294768650674e-03 -2.684117130493134172e-04 -5.724031139020829709e-05 2.641787388759411423e-03
1.581239663685438046e+01 -7.028600325025807782e-02 -1.660530674978235536e-03 8.744257883205255530e-03 -2.662096518162444781e-04 -5.832085083618511402e-05 2.605811653328103834e-03
1.590253798968602084e+01 -6.955643370074234000e-02 -1.682854572273031818e-03 8.602496739798258518e-03 -2.645690520949285033e-04 -5.913893639597299069e-05 2.578896496977968120e-03
1.596149233955424052e+01 -6.908612758061954962e-02 -1.697366861615495380e-03 8.511476457476097393e-03 -2.635145862432693273e-04 -5.967081035039205019e-05 2.561546302175775770e-03
1.598693683066852955e+01 -6.888479348863965623e-02 -1.703609083126783261e-03 8.472599160039579608e-03 -2.630639249229662453e-04 -5.989960053717379893e-05 2.554118893292752455e-03
1.598693683066852955e+01 -6.888479348863965623e-02 -1.703609083126783261e-03 8.472599160039579608e-03 -2.630639249229662453e-04 -5.989960053717379893e-05 2.554118893292752455e-03
1.601238132178281148e+01 -6.868444410121608834e-02 -1.709838603828191207e-03 8.433964404926061822e-03 -2.626159114692863910e-04 -6.012793336121578515e-05 2.546727849442517993e-03
1.607133567165103116e+01 -6.822398779729663132e-02 -1.724223850057970617e-03 8.345370270198123816e-03 -2.615879322874615598e-04 -6.065523242189639348e-05 2.529741407281019521e-03
1.616147702448267154e+01 -6.752992775064910191e-02 -1.746089756020339796e-03 8.212356247418940020e-03 -2.600428278273179679e-04 -6.145682537459751476e-05 2.504137612886691948e-03
1.627954000321217976e+01 -6.663872741667310751e-02 -1.774496881183341762e-03 8.042497783953798593e-03 -2.580665782849549616e-04 -6.249837668999545001e-05 2.471262058511005614e-03
1.642125616392984000e+01 -6.559494254606465513e-02 -1.808256404906623694e-03 7.844912036946359926e-03 -2.557629442191903385e-04 -6.373642067483439139e-05 2.432758881274213469e-03
1.658150312014110028e+01 -6.444763051258707576e-02 -1.845997776147799722e-03 7.629437975984050720e-03 -2.532443645966071539e-04 -6.512082111614258184e-05 2.390438205655689898e-03
1.675448897306350915e+01 -6.324687314213715827e-02 -1.886240537392337192e-03 7.405872735666336852e-03 -2.506234712609835269e-04 -6.659738319542437928e-05 2.346147785572996660e-03
1.693396148410716862e+01 -6.204083243742995746e-02 -1.927463366006780358e-03 7.183360348326163665e-03 -2.480062741909024558e-04 -6.811036578410344274e-05 2.301664331511762626e-03
1.711343399515083163e+01 -6.087356566722713913e-02 -1.968166014179006419e-03 6.969977965565710316e-03 -2.454874985036176334e-04 -6.960473897321796464e-05 2.258612885256239093e-03
1.728641984807324050e+01 -5.978365637590106474e-02 -2.006921844141780400e-03 6.772521066748052494e-03 -2.431480720124653779e-04 -7.102810503433464875e-05 2.218416330220884889e-03
1.744666680428450078e+01 -5.880358493838080264e-02 -2.042420319848660230e-03 6.596457833480456542e-03 -2.410544231873899021e-04 -7.233226091250271488e-05 2.182272215900136602e-03
1.758838296500216103e+01 -5.795968063657168379e-02 -2.073499982028329663e-03 6.446006479505386570e-03 -2.392590802530376079e-04 -7.347442157343379030e-05 2.151151058862421899e-03
1.770644594373166925e+01 -5.727246539935255953e-02 -2.099173081631175962e-03 6.324286002912917447e-03 -2.378020387209599349e-04 -7.441814565259581050e-05 2.125809106200329118e-03
1.779658729656330962e+01 -5.675720666155407296e-02 -2.118643219251200444e-03 6.233496508692551452e-03 -2.367124387861087992e-04 -7.513400974229689699e-05 2.106808816633132155e-03
1.785554164643153996e+01 -5.642454376871282318e-02 -2.131316563928145353e-03 6.175098142316806302e-03 -2.360102463198788939e-04 -7.560004823496938497e-05 2.094542047799827916e-03
1.788098613754581834e+01 -5.628201074607783183e-02 -2.136771697009898132e-03 6.150129204509975633e-03 -2.357096876156296263e-04 -7.580066874997003234e-05 2.089286280156412053e-03
1.788098613754581834e+01 -5.628201074607783183e-02 -2.136771697009898132e-03 6.150129204509975633e-03 -2.357096876156296263e-04 -7.580066874997003234e-05 2.089286280156412053e-03
1.790643062866010027e+01 -5.614010141091175382e-02 -2.142218060707880116e-03 6.125300898203255018e-03 -2.354106234019377080e-04 -7.600097779363355422e-05 2.084053548043068600e-03
1.796538497852831995e+01 -5.581367709615948219e-02 -2.154803688285363006e-03 6.068309251371542534e-03 -2.347233802031139420e-04 -7.646390074239434404e-05 2.072017197420048407e-03
1.805552633135996032e+01 -5.532090823433615662e-02 -2.173957618940795550e-03 5.982591244886069533e-03 -2.336876761269506789e-04 -7.716853369914442528e-05 2.053847558115043468e-03
1.817358931008946854e+01 -5.468685631770834471e-02 -2.198883308557877600e-03 5.872861065585586494e-03 -2.323580641126216247e-04 -7.808571064238079256e-05 2.030469160798144788e-03
1.831530547080712878e+01 -5.394233771335852495e-02 -2.228565975229939832e-03 5.744832098582510274e-03 -2.308010421984875308e-04 -7.917825011466768533e-05 2.003018753183702545e-03
1.847555242701838907e+01 -5.312155941132327974e-02 -2.261826038447468067e-03 5.604726595037862712e-03 -2.290896377771685084e-04 -8.040289358318195695e-05 1.972758028005046436e-03
1.864853827994080859e+01 -5.225978855270846379e-02 -2.297377441783979811e-03 5.458810150416244268e-03 -2.272982346963241880e-04 -8.171242382405428180e-05 1.940987609004845172e-03
1.882801079098446095e+01 -5.139133093851927514e-02 -2.333885524927640370e-03 5.313008753640136549e-03 -2.254982677719613712e-04 -8.305777125148852409e-05 1.908972456066272303e-03
1.900748330202812042e+01 -5.054797596222839612e-02 -2.370020899924298735e-03 5.172637817404420087e-03 -2.237550943540757287e-04 -8.438998145338553005e-05 1.877884502718910140e-03
1.918046915495052929e+01 -4.975796020852434748e-02 -2.404507092774497458e-03 5.042247787197228111e-03 -2.221260842911886740e-04 -8.566196419052374657e-05 1.848764453837103451e-03
1.934071611116178957e+01 -4.904541609484810299e-02 -2.436160869650264276e-03 4.925572185198102103e-03 -2.206597723573825614e-04 -8.682998519430019599e-05 1.822501499667893458e-03
1.948243227187944981e+01 -4.843021550068980774e-02 -2.463925070559409500e-03 4.825553164537260339e-03 -2.193958095324107199e-04 -8.785489357090386453e-05 1.799827617581264494e-03
1.960049525060896158e+01 -4.792809229835448548e-02 -2.486894371780530751e-03 4.744416269110184221e-03 -2.183654228415229861e-04 -8.870309791383157786e-05 1.781322171044434155e-03
1.969063660344059841e+01 -4.755092719451523009e-02 -2.504334667615202258e-03 4.683768207756195540e-03 -2.175921249025895593e-04 -8.934731272978679276e-05 1.767422496329262675e-03
1.974959095330882164e+01 -4.730710630001706135e-02 -2.515696217412519836e-03 4.644698487861861208e-03 -2.170924995729829176e-04 -8.976707580985723509e-05 1.758437200821815188e-03
1.977503544442310002e+01 -4.720256263682393039e-02 -2.520588973565015319e-03 4.627979485069870502e-03 -2.168783367221047002e-04 -8.994786455697882156e-05 1.754584613464637600e-03
1.977503544442310002e+01 -4.720256263682393039e-02 -2.520588973565015319e-03 4.627979485069870502e-03 -2.168783367221047002e-04 -8.994786455697882156e-05 1.754584613464637600e-03
1.980047993553738905e+01 -4.709843099013619194e-02 -2.525475221755392810e-03 4.611346127821495250e-03 -2.166650536897500199e-04 -9.012842570574519294e-05 1.750747245142280804e-03
1.985943428540560873e+01 -4.685873135977177556e-02 -2.536771675203274966e-03 4.573133102361765824e-03 -2.161742290432372513e-04 -9.054591221393829231e-05 1.741914180578576403e-03
1.994957563823724911e+01 -4.649642288622753833e-02 -2.553977316553876671e-03 4.515573473585391545e-03 -2.154326587149226618e-04 -9.118192056307807057e-05 1.728563278911144415e-03
2.006763861696676088e+01 -4.602941647898266958e-02 -2.576392021465793384e-03 4.441737730714722526e-03 -2.144772811040343910e-04 -9.201072894723502020e-05 1.711354973547292695e-03
2.020935477768442112e+01 -4.547985537999071903e-02 -2.603119807146719780e-03 4.355369574167882937e-03 -2.133535767909972632e-04 -9.299938949498660575e-05 1.691105676547626337e-03
2.036960173389568141e+01 -4.487249154741654311e-02 -2.633113444712288122e-03 4.260578122416022739e-03 -2.121121587818714177e-04 -9.410934524321844328e-05 1.668727858416917684e-03
2.054258758681809027e+01 -4.423306022035935342e-02 -2.665224144516519737e-03 4.161540798856598090e-03 -2.108054343169730364e-04 -9.529823567124543924e-05 1.645170072580166322e-03
2.072206009786174974e+01 -4.358684045902369575e-02 -2.698251973970798578e-03 4.062253184855572734e-03 -2.094847260182274864e-04 -9.652173515610095909e-05 1.621363857729744666e-03
2.090153260890540921e+01 -4.295751402444233230e-02 -2.730993979192516269e-03 3.966345500631247856e-03 -2.081980575584877759e-04 -9.773531642033260176e-05 1.598181666122666742e-03
2.107451846182782162e+01 -4.236636700913772036e-02 -2.762287888256850441e-03 3.876970559219635858e-03 -2.069886533709879733e-04 -9.889586316487797356e-05 1.576407455818075497e-03
2.123476541803907836e+01 -4.183182115754677244e-02 -2.791050133100341293e-03 3.796756365683902519e-03 -2.058940833136416616e-04 -9.996308604412631029e-05 1.556719461689132266e-03
2.137648157875673860e+01 -4.136924196499805473e-02 -2.816307661026503165e-03 3.727809316358860012e-03 -2.049459140258763049e-04 -1.009007213252665659e-04 1.539683187817535636e-03
2.149454455748625037e+01 -4.099095007898850840e-02 -2.837223554248450349e-03 3.671751114185389450e-03 -2.041697062703592296e-04 -1.016775100165826054e-04 1.525751904109439979e-03
2.158468591031789074e+01 -4.070635912848053622e-02 -2.853116782013394737e-03 3.629773140958395330e-03 -2.035852106453949221e-04 -1.022679651786108238e-04 1.515271804411916093e-03
2.164364026018611042e+01 -4.052218063260892844e-02 -2.863475997642356621e-03 3.602696059084611619e-03 -2.032066651268812441e-04 -1.026529190166975330e-04 1.508489629842473976e-03
2.166908475130039946e+01 -4.044316094888147223e-02 -2.867938431875978987e-03 3.591100660290724288e-03 -2.030441833598530335e-04 -1.028187686175263460e-04 1.505579869647918510e-03
2.166908475130039946e+01 -4.044316094888147223e-02 -2.867938431875978987e-03 3.591100660290724288e-03 -2.030441833598530335e-04 -1.028187686175263460e-04 1.505579869647918510e-03
2.169452924241468139e+01 -4.036442333670441085e-02 -2.872395721258323709e-03 3.579559655532952526e-03 -2.028822375268250723e-04 -1.029844410308260785e-04 1.502680529053725686e-03
2.175348359228290107e+01 -4.018306629463940655e-02 -2.882703475476118896e-03 3.553026662062737893e-03 -2.025090528366876028e-04 -1.033676225469849254e-04 1.496002577758671600e-03
2.184362494511454145e+01 -3.990864611245176219e-02 -2.898411203873113746e-03 3.513010102835446759e-03 -2.019438832040357863e-04 -1.039516891069216392e-04 1.485898181789514034e-03
2.196168792384404966e+01 -3.955439367441283133e-02 -2.918888707414203729e-03 3.461588397547142159e-03 -2.012133620737536013e-04 -1.047133794210489127e-04 1.472854904624341585e-03
2.210340408456170991e+01 -3.913674348933069563e-02 -2.943327098979469942e-03 3.401308831274037475e-03 -2.003506100444424429e-04 -1.056228023474849734e-04 1.457478287831127537e-03
2.226365104077297019e+01 -3.867417808794728490e-02 -2.970777555648558381e-03 3.334986205865858068e-03 -1.993929686787501460e-04 -1.066448428400085241e-04 1.440449217335617281e-03
2.243663689369537906e+01 -3.818605512006276181e-02 -3.000195094662838537e-03 3.265505637212588828e-03 -1.983797236585564379e-04 -1.077407561371951969e-04 1.422480663355611165e-03
2.261610940473903852e+01 -3.769154969823012430e-02 -3.030483676499935979e-03 3.195653189481484444e-03 -1.973500689447349032e-04 -1.088698179656180263e-04 1.404278686530466497e-03
2.279558191578270154e+01 -3.720879417860089439e-02 -3.060539966083769547e-03 3.127987825111097110e-03 -1.963414524577034611e-04 -1.099909357681333867e-04 1.386510743557278335e-03
2.296856776870511041e+01 -3.675425205340707158e-02 -3.089293754341324548e-03 3.064758923456074521e-03 -1.953883503618281255e-04 -1.110641493339931617e-04 1.369782644115886223e-03
2.312881472491637069e+01 -3.634232294667071733e-02 -3.115743718591443973e-03 3.007866087473560612e-03 -1.945214438225610490e-04 -1.120519723785658791e-04 1.354624044772899383e-03
2.327053088563403094e+01 -3.598514695947869352e-02 -3.138987821963811452e-03 2.958853026320660065e-03 -1.937671271525702010e-04 -1.129205476770020667e-04 1.341481303631014048e-03
2.338859386436353915e+01 -3.569256051532716800e-02 -3.158248155795666083e-03 2.918925061852476865e-03 -1.931472590687901419e-04 -1.136406052437218293e-04 1.330715924990568408e-03
2.347873521719517953e+01 -3.547215163398174248e-02 -3.172890345721104781e-03 2.888979818964926543e-03 -1.926790738238161901e-04 -1.141882234525869579e-04 1.322606667516403088e-03
2.353768956706340987e+01 -3.532937401765909313e-02 -3.182437311874817404e-03 2.869643071942262324e-03 -1.923752017599718214e-04 -1.145453798761313465e-04 1.317353811785952318e-03
2.356313405817768825e+01 -3.526808405001099350e-02 -3.186550617446785773e-03 2.861357261854222036e-03 -1.922446131871046056e-04 -1.146992849415122331e-04 1.315098974163736011e-03
2.356313405817768825e+01 -3.526808405001100738e-02 -3.186550617446789243e-03 2.861357261854222470e-03 -1.922446131871046870e-04 -1.146992849415123144e-04 1.315098974163736662e-03
2.358857854929197018e+01 -3.519540322682257472e-02 -3.191440211317642887e-03 2.851543108826138859e-03 -1.920896390027790996e-04 -1.148822551060944407e-04 1.312425109285579811e-03
2.364753289916018986e+01 -3.502795863622287786e-02 -3.202754181808664408e-03 2.828980914826722225e-03 -1.917321182432791952e-04 -1.153057077513730869e-04 1.306265127524712175e-03
2.373767425199183023e+01 -3.477448828641376694e-02 -3.220012685126746963e-03 2.794955156649352353e-03 -1.911895896056510339e-04 -1.159518662584908577e-04 1.296940846267374218e-03
2.385573723072133845e+01 -3.444709770318066244e-02 -3.242543504107078638e-03 2.751235931074385004e-03 -1.904863615071126755e-04 -1.167958196899245878e-04 1.284898085294135500e-03
2.399745339143899869e+01 -3.406084979704682159e-02 -3.269479307468667328e-03 2.699992695410407227e-03 -1.896528975096196631e-04 -1.178053756294443526e-04 1.270691480785449655e-03
2.415770034765025898e+01 -3.363272269473412818e-02 -3.299795983773472739e-03 2.643622544422271573e-03 -1.887239044706103214e-04 -1.189424436892853588e-04 1.254946041190609356e-03
2.433068620057267140e+01 -3.318054567458932763e-02 -3.332356511716892677e-03 2.584581673996190314e-03 -1.877364159923009695e-04 -1.201646271196300802e-04 1.238317910132868006e-03
2.451015871161633086e+01 -3.272201223523222430e-02 -3.365948243212756475e-03 2.525237534814302274e-03 -1.867288060694592190e-04 -1.214265684774260885e-04 1.221457989953384686e-03
2.468963122265999033e+01 -3.227375183668110270e-02 -3.399269947693489124e-03 2.467740662807575269e-03 -1.857442381575086362e-04 -1.226793847494275986e-04 1.204977733363241316e-03
2.486261707558240985e+01 -3.185049550745704117e-02 -3.430863668509615862e-03 2.413920747579578925e-03 -1.848385939950875133e-04 -1.238680089720846996e-04 1.189418398409501599e-03
2.502286403179367014e+01 -3.146474360648812002e-02 -3.459168789059304319e-03 2.365260168484649081e-03 -1.840779776293380179e-04 -1.249332426673315736e-04 1.175238881146129476e-03
2.516458019251133038e+01 -3.112718249610603449e-02 -3.482829132773982567e-03 2.322972844396860130e-03 -1.835156731214208871e-04 -1.258235329368303048e-04 1.162831268348507498e-03
2.528264317124083860e+01 -3.084735378089142541e-02 -3.501060701865533423e-03 2.288115830807276128e-03 -1.831650026502090441e-04 -1.265090935142712688e-04 1.152545735178860326e-03
2.537278452407247897e+01 -3.063388997634159186e-02 -3.513785071840885409e-03 2.261640146932667513e-03 -1.829915130095275419e-04 -1.269870555578408078e-04 1.144699371943089933e-03
2.543173887394069865e+01 -3.049412024750867631e-02 -3.521437182977555508e-03 2.244356056713124950e-03 -1.829304467609727382e-04 -1.272741437609380241e-04 1.139561652893081268e-03
2.545718336505498058e+01 -3.043371745162914283e-02 -3.524558246837090816e-03 2.236898794673994762e-03 -1.829182157283207181e-04 -1.273911319933520941e-04 1.137341289959882106e-03
2.545718336505498058e+01 -3.043371745162914283e-02 -3.524558246837090816e-03 2.236898794673994762e-03 -1.829182157283207181e-04 -1.273911319933520941e-04 1.137341289959882106e-03
2.548262785616925896e+01 -3.037325229894071235e-02 -3.527563029466248938e-03 2.229441083203252422e-03 -1.829149986958513363e-04 -1.275036880594910855e-04 1.135118600462518747e-03
2.554158220603748930e+01 -3.023285957422804093e-02 -3.534052173963254159e-03 2.212152644612369774e-03 -1.829440634515193907e-04 -1.277464487826892670e-04 1.129957636734106640e-03
2.563172355886912968e+01 -3.001716090763831626e-02 -3.542586482533650102e-03 2.185663478190030991e-03 -1.830949922700005061e-04 -1.280647039837635895e-04 1.122027882500936311e-03
2.574978653759863079e+01 -2.973211467033459732e-02 -3.550927045409836211e-03 2.150787773590175783e-03 -1.835081967555920763e-04 -1.283732684154965476e-04 1.111547629101656675e-03
2.589150269831629103e+01 -2.938502229145933606e-02 -3.556140239591886430e-03 2.108511591869672176e-03 -1.843633777449863018e-04 -1.285604648237690501e-04 1.098784179044077743e-03
2.605174965452755131e+01 -2.898449587605453348e-02 -3.554961492874947598e-03 2.059978524925629075e-03 -1.858495288722806615e-04 -1.285019983694735948e-04 1.084052759935896608e-03
2.622473550744997084e+01 -2.854088024835805398e-02 -3.544415951230188346e-03 2.006533707994663344e-03 -1.881170265167399908e-04 -1.280846749796029607e-04 1.067732309465023108e-03
2.640420801849363031e+01 -2.806690937114787385e-02 -3.522564062315302821e-03 1.949794826854755374e-03 -1.912245556198256043e-04 -1.272349086737761651e-04 1.050289989086106894e-03
2.658368052953728977e+01 -2.757815328277422873e-02 -3.489128557869778345e-03 1.891691650806537599e-03 -1.951012488928371546e-04 -1.259426860711788802e-04 1.032297987081759807e-03
2.675666638245969864e+01 -2.709286528026969704e-02 -3.445773071486108764e-03 1.834427468452975649e-03 -1.995404920774311607e-04 -1.242721858348027112e-04 1.014428134926004558e-03
2.691691333867095892e+01 -2.663111595754661526e-02 -3.395937004272469445e-03 1.780356087241473893e-03 -2.042282214879391109e-04 -1.223554072301251264e-04 9.974200930397037097e-04
2.705862949938861917e+01 -2.621340193000029628e-02 -3.344297732501783169e-03 1.731807364583555974e-03 -2.087942490547963924e-04 -1.203715475345959267e-04 9.820300093050084254e-04
2.717669247811813094e+01 -2.585907298227006074e-02 -3.296037127424346173e-03 1.690909858629955319e-03 -2.128685229135335007e-04 -1.185189235414271504e-04 9.689723410047392221e-04
2.726683383094977131e+01 -2.558489772410825480e-02 -3.256100722330112010e-03 1.659449151591244889e-03 -2.161271021706110958e-04 -1.169866569970515646e-04 9.588666861041395982e-04
2.732578818081799099e+01 -2.540396656856458088e-02 -3.228582458467410543e-03 1.638778672701259520e-03 -2.183208488157141513e-04 -1.159312052766269533e-04 9.521970129722962016e-04
2.735123267193226937e+01 -2.532549839196595112e-02 -3.216372105043791702e-03 1.629836875751784417e-03 -2.192818445750212102e-04 -1.154629673720318175e-04 9.493042304316178957e-04
2.735123267193226937e+01 -2.532549839196595112e-02 -3.216372105043791702e-03 1.629836875751784417e-03 -2.192818445750212102e-04 -1.154629673720318175e-04 9.493042304316178957e-04
2.737667716304655130e+01 -2.524680785224882318e-02 -3.203963886001394423e-03 1.620883729171380006e-03 -2.202509650693150304e-04 -1.149871924545655511e-04 9.464031254652685576e-04
2.743563151291478164e+01 -2.506365310899570306e-02 -3.174466907805228045e-03 1.600099776516229148e-03 -2.225259569078180948e-04 -1.138563685118064943e-04 9.396502294831847240e-04
2.752577286574641846e+01 -2.478147172333237253e-02 -3.127404582664641657e-03 1.568230810488861022e-03 -2.260770543252503908e-04 -1.120526667246376612e-04 9.292449236172076405e-04
2.764383584447591957e+01 -2.440827877533209914e-02 -3.062344577186060495e-03 1.526373325996070772e-03 -2.308405010336935436e-04 -1.095601439071861364e-04 9.154811980857857287e-04
2.778555200519357982e+01 -2.395553369334763733e-02 -2.979471534613711836e-03 1.476049598313441437e-03 -2.366861119964226376e-04 -1.063866152696536061e-04 8.987798628152858472e-04
2.794579896140485076e+01 -2.343828406100506231e-02 -2.880043971810205758e-03 1.419188531599930355e-03 -2.434003950529274173e-04 -1.025810560245177065e-04 8.796941567817603011e-04
2.811878481432725962e+01 -2.287492941974366215e-02 -2.766678365014612132e-03 1.358053711208570243e-03 -2.506884145503366539e-04 -9.824435521780428449e-05 8.589013602670658764e-04
2.829825732537091909e+01 -2.228653193009592567e-02 -2.643369471951057242e-03 1.295117713900906849e-03 -2.581975096687975034e-04 -9.352995133676737067e-05 8.371776635300477850e-04
2.847772983641457145e+01 -2.169572961387156509e-02 -2.515236143128988383e-03 1.232900104313085395e-03 -2.655576929748955438e-04 -8.863396314328833960e-05 8.153582965056187454e-04
2.865071568933698032e+01 -2.112542948670573240e-02 -2.388065158063550509e-03 1.173800308541452604e-03 -2.724270803921816802e-04 -8.377762624025590827e-05 7.942894169825896224e-04
2.881096264554824060e+01 -2.059750894931435330e-02 -2.267774879259153078e-03 1.119957997440910015e-03 -2.785292418196760075e-04 -7.918672984424895793e-05 7.747801552134915603e-04
2.895267880626591150e+01 -2.013172086251533224e-02 -2.159920307189833969e-03 1.073163064639127409e-03 -2.836731273192977568e-04 -7.507272699862387391e-05 7.575620210725137783e-04
2.907074178499540906e+01 -1.974490995049974981e-02 -2.069321657083114316e-03 1.034820972912925451e-03 -2.877528008978138402e-04 -7.161866032907668745e-05 7.432596672183487338e-04
2.916088313782704944e+01 -1.945055170013390219e-02 -1.999844290150385243e-03 1.005964546681859537e-03 -2.907304578928565013e-04 -6.897094637499460437e-05 7.323734657190327044e-04
2.921983748769527978e+01 -1.925856383468350572e-02 -1.954313547172186090e-03 9.872955513367820141e-04 -2.926099537610870791e-04 -6.723635061889438286e-05 7.252721191948036626e-04
2.924528197880956171e+01 -1.917584283648813420e-02 -1.934648396787462228e-03 9.792890393829562553e-04 -2.934039827709884187e-04 -6.648729656692985667e-05 7.222121221347630945e-04
2.924528197880956171e+01 -1.917584283648813420e-02 -1.934648396787462228e-03 9.792890393829562553e-04 -2.934039827709884187e-04 -6.648729656692985667e-05 7.222121221347630945e-04
2.927072646992384009e+01 -1.909321051861464710e-02 -1.914977631350598319e-03 9.713136834770761665e-04 -2.941874684617253109e-04 -6.573811057596807303e-05 7.191552415098336924e-04
2.932968081979205976e+01 -1.890210922696412832e-02 -1.869390503625853982e-03 9.529562486048004030e-04 -2.959615383570408801e-04 -6.400218660880422977e-05 7.120850505218240256e-04
2.941982217262370014e+01 -1.861093993483078565e-02 -1.799706571878929504e-03 9.252217043770595518e-04 -2.985596811277737021e-04 -6.134955695756762900e-05 7.013109024422790189e-04
2.953788515135320836e+01 -1.823162316322490470e-02 -1.708599152592929060e-03 8.895236291271419035e-04 -3.017456028843584488e-04 -5.788307874786326624e-05 6.872718065031196456e-04
2.967960131207086860e+01 -1.777967929356474852e-02 -1.599716805121625561e-03 8.476415857452952556e-04 -3.052313314071661331e-04 -5.374290996891129967e-05 6.705397322368521510e-04
2.983984826828212888e+01 -1.727350192508716673e-02 -1.477573401846957657e-03 8.015927468421618499e-04 -3.087099657460024298e-04 -4.910211884351723327e-05 6.517931302369447217e-04
3.001283412120454130e+01 -1.673339938045755731e-02 -1.347315313746592479e-03 7.534833715510854671e-04 -3.118942362630602828e-04 -4.415758090876349294e-05 6.317818912485308018e-04
3.019230663224820077e+01 -1.618050451050740204e-02 -1.214388243584889728e-03 7.053604873001927469e-04 -3.145541799578111149e-04 -3.911705866266938601e-05 6.112873852374393511e-04
3.037177914329186024e+01 -1.563568186070449229e-02 -1.084159167701294595e-03 6.590848019796121619e-04 -3.165462595337925839e-04 -3.418462200700332751e-05 5.910822908660451607e-04
3.054476499621427976e+01 -1.511856146528241414e-02 -9.615637140490462592e-04 6.162413962111262019e-04 -3.178277958707427541e-04 -2.954713113386483816e-05 5.718949448421874367e-04
3.070501195242554004e+01 -1.464679267406962353e-02 -8.508402519410567270e-04 5.780959319260099271e-04 -3.184541029522533007e-04 -2.536414371823975559e-05 5.543816367451990515e-04
3.084672811314320029e+01 -1.423555598821313328e-02 -7.553856109746066470e-04 5.455943110182076561e-04 -3.185597517882890082e-04 -2.176258147507608605e-05 5.391082545089419730e-04
3.096479109187270140e+01 -1.389731701903072249e-02 -6.777353224873168547e-04 5.193960711288936674e-04 -3.183285281040495237e-04 -1.883624695052220303e-05 5.265407251832022626e-04
3.105493244470434888e+01 -1.364176983005866046e-02 -6.196440549392125000e-04 4.999279152930712067e-04 -3.179581568870359356e-04 -1.664922420857488245e-05 5.170423605710066468e-04
3.111388679457256856e+01 -1.347590965133320731e-02 -5.822270171987568984e-04 4.874440749834107740e-04 -3.176258176686173667e-04 -1.524161620467158682e-05 5.108759695387381835e-04
3.113933128568685049e+01 -1.340463722564333611e-02 -5.662211018552164256e-04 4.821166040430996543e-04 -3.174604873223607821e-04 -1.463975042969024256e-05 5.082257951402935131e-04
3.113933128568685049e+01 -1.340463722564333611e-02 -5.662211018552164256e-04 4.821166040430996543e-04 -3.174604873223607821e-04 -1.463975042969024256e-05 5.082257951402935131e-04
3.116477577680112887e+01 -1.333355347766730994e-02 -5.503023931140790673e-04 4.768255132126522286e-04 -3.172820051420018441e-04 -1.404132761637684405e-05 5.055823994064961293e-04
3.122373012666935921e+01 -1.316958034797248607e-02 -5.137575146298727817e-04 4.647055401094122629e-04 -3.168181272169451096e-04 -1.266815302140964699e-05 4.994838046215358505e-04
3.131387147950099958e+01 -1.292083223768379814e-02 -4.588081664298527033e-04 4.465486121436686075e-04 -3.159737978884292553e-04 -1.060517695933828175e-05 4.902297088338922020e-04
3.143193445823050070e+01 -1.259864260020772918e-02 -3.885713823489483367e-04 4.234468297035081123e-04 -3.146236566689678861e-04 -7.971546796937645739e-06 4.782387641489480815e-04
3.157365061894816094e+01 -1.221732307178502452e-02 -3.069245907894149793e-04 3.967220659846252217e-04 -3.126430669617975789e-04 -4.915193710022389854e-06 4.640401195391234278e-04
3.173389757515942122e+01 -1.179327099794467114e-02 -2.181929169635358373e-04 3.678035459820838053e-04 -3.099405901423277774e-04 -1.600669440815182900e-06 4.482408152196025756e-04
3.190688342808184075e+01 -1.134398942138528828e-02 -1.267962035334721234e-04 3.381059984549743551e-04 -3.064868604606198763e-04 1.804541465049531739e-06 4.314899201234035373e-04
3.208635593912549666e+01 -1.088713036465007930e-02 -3.690170980842669396e-05 3.089253828012960201e-04 -3.023342541385134791e-04 5.143439330821188182e-06 4.144434443885715302e-04
3.226582845016915257e+01 -1.043965205558098491e-02 4.787029605325399524e-05 2.813641289374843178e-04 -2.976235961498009176e-04 8.280816971298764854e-06 3.977333154908515374e-04
3.243881430309156855e+01 -1.001715265430054222e-02 1.246485326068165771e-04 2.562914272154611576e-04 -2.925768655240855746e-04 1.111092198129124699e-05 3.819426834078105634e-04
3.259906125930282883e+01 -9.633407509773202898e-03 1.913972526149861097e-04 2.343375615037733442e-04 -2.874776359130316091e-04 1.356058457246632273e-05 3.675885318845296024e-04
3.274077742002049263e+01 -9.300103273525733849e-03 2.468851177409960625e-04 2.159161181223496811e-04 -2.826430671332733438e-04 1.558773637223400394e-05 3.551113595405549031e-04
3.285884039874999729e+01 -9.026737325031971779e-03 2.905542613740188878e-04 2.012649404757863492e-04 -2.783922079886847335e-04 1.717603195547187479e-05 3.448708099257668581e-04
3.294898175158164122e+01 -8.820637705210004204e-03 3.223227269144660068e-04 1.904959496690595893e-04 -2.750151655760475376e-04 1.832688539351928422e-05 3.371456700797805742e-04
3.300793610144985735e+01 -8.687062043919849263e-03 3.423608121484343820e-04 1.836451847018869172e-04 -2.727467709344367662e-04 1.905052457357201497e-05 3.321368014156641027e-04
3.303338059256414283e+01 -8.629707628877743633e-03 3.508282496309649565e-04 1.807349392863268804e-04 -2.717534441621989485e-04 1.935573605460560881e-05 3.299855840292041003e-04
3.303338059256414283e+01 -8.629707628877743633e-03 3.508282496309649565e-04 1.807349392863268804e-04 -2.717534441621989485e-04 1.935573605460560881e-05 3.299855840292041003e-04
3.305882508367842121e+01 -8.572531474169357846e-03 3.591864764280149318e-04 1.778525616879673412e-04 -2.707516122285456481e-04 1.965665687696371093e-05 3.278407371655917848e-04
3.311777943354663734e+01 -8.440738843855304790e-03 3.781322376677289125e-04 1.712805414599356715e-04 -2.683981490795642731e-04 2.033738094459390202e-05 3.228955890994663291e-04
3.320792078637828837e+01 -8.241066100494718466e-03 4.059641344451309498e-04 1.615162725089287559e-04 -2.647145330224730427e-04 2.133357495454613187e-05 3.154001293640799636e-04
3.332598376510779303e+01 -7.982886938945119373e-03 4.403353374155539708e-04 1.492392365858453279e-04 -2.597395667331688996e-04 2.255657468770633350e-05 3.057023248136140291e-04
3.346769992582545683e+01 -7.677952519926907124e-03 4.784700357140343687e-04 1.352527168092621597e-04 -2.535535691545231021e-04 2.390196021647897820e-05 2.942390632969260362e-04
3.362794688203671711e+01 -7.339620777458500181e-03 5.174838949502213580e-04 1.203977753607704814e-04 -2.462944165293157964e-04 2.526198867448002704e-05 2.815080288150153447e-04
3.380093273495913309e+01 -6.982039447276119568e-03 5.547091910719659930e-04 1.054720660454531327e-04 -2.381674120091800402e-04 2.653816769292192886e-05 2.680378109374632802e-04
3.398040524600278900e+01 -6.619369976625064621e-03 5.879778038455280628e-04 9.116499420363843907e-05 -2.294458062419826232e-04 2.765213959432388525e-05 2.543593942815739243e-04
3.415987775704643781e+01 -6.265114809369029709e-03 6.158216215209366164e-04 7.801625657617021513e-05 -2.204607937661344594e-04 2.855329462653860925e-05 2.409812666845877183e-04
3.433286360996886089e+01 -5.931587702861462925e-03 6.375625437860106244e-04 6.639999031387232818e-05 -2.115822082549367953e-04 2.922203013202451604e-05 2.283695654253638870e-04
3.449311056618012117e+01 -5.629545054720575849e-03 6.532824852374307864e-04 5.653239841169028319e-05 -2.031931863193751344e-04 2.966829206207921747e-05 2.169339207618664015e-04
3.463482672689777786e+01 -5.367978270954821760e-03 6.636844372353582679e-04 4.849751867240291941e-05 -1.956632049840136499e-04 2.992585121120469420e-05 2.070190430008995444e-04
3.475288970562728963e+01 -5.154052715538302333e-03 6.698742499317346952e-04 4.228409405795705120e-05 -1.893238139927733621e-04 3.004349982432553065e-05 1.989016092759498947e-04
3.484303105845892645e+01 -4.993166115593475167e-03 6.731046254143051950e-04 3.782627445547790957e-05 -1.844501470724050740e-04 3.007481631309948382e-05 1.927915630223309238e-04
3.490198540832714968e+01 -4.889092489733896062e-03 6.745248261210965747e-04 3.504197701825684447e-05 -1.812495064181185390e-04 3.006821901845304967e-05 1.888366870995489212e-04
3.492742989944144227e+01 -4.844456324191117984e-03 6.749699572021922731e-04 3.387189170728650270e-05 -1.798653172279125311e-04 3.005881198182431662e-05 1.871398825091876740e-04
3.492742989944144227e+01 -4.844456324191117984e-03 6.749699572021922731e-04 3.387189170728650270e-05 -1.798653172279125311e-04 3.005881198182431662e-05 1.871398825091876740e-04
3.495287439055571355e+01 -4.799990313871797983e-03 6.753144495666325029e-04 3.272069369202545118e-05 -1.784795948077004589e-04 3.004547225411445034e-05 1.854491860437101609e-04
3.501182874042393678e+01 -4.697618764627331696e-03 6.757281281961323178e-04 3.012531179518648184e-05 -1.752636227084474613e-04 2.999954292382150977e-05 1.815554107585931197e-04
3.510197009325558071e+01 -4.542868996831920213e-03 6.753321354379457483e-04 2.634839089294303694e-05 -1.703347624499095632e-04 2.988915341915280365e-05 1.756656711958266262e-04
3.522003307198509248e+01 -4.343455755427053783e-03 6.729628001437970705e-04 2.174368206761030601e-05 -1.638653732312399854e-04 2.967235379704223717e-05 1.680692693745699791e-04
3.536174923270274917e+01 -4.109039885591704230e-03 6.674134513963568723e-04 1.671301369201708129e-05 -1.560941375403180969e-04 2.930666886472738854e-05 1.591293835987655592e-04
3.552199618891400945e+01 -3.850570766492994717e-03 6.577014808029533425e-04 1.165183661716696812e-05 -1.473232005068083261e-04 2.875940513008643724e-05 1.492590099409407049e-04
3.569498204183641832e+01 -3.579569495181542799e-03 6.433069938392627952e-04 6.900686375367552239e-06 -1.379076939019804643e-04 2.801677587717537780e-05 1.388945506738342793e-04
3.587445455288008134e+01 -3.307419327468331342e-03 6.243334045364317244e-04 2.710552259642480920e-06 -1.282369505375716915e-04 2.708989693968222621e-05 1.284694074709990597e-04
3.605392706392373725e+01 -3.044719799942214016e-03 6.015531244160100518e-04 -7.732873400770280086e-07 -1.187089256232051206e-04 2.601621522545818267e-05 1.183895977892327411e-04
3.622691291684615322e+01 -2.800757039884852872e-03 5.763259125012344403e-04 -3.508415677124346720e-06 -1.097017068230548371e-04 2.485590839024969054e-05 1.090133448596833528e-04
3.638715987305741351e+01 -2.583139024910826795e-03 5.504092702945367205e-04 -5.536731171597924330e-06 -1.015474994089846480e-04 2.368406438696537631e-05 1.006365544406762758e-04
3.652887603377507020e+01 -2.397634640546468781e-03 5.257095792455914515e-04 -6.956341695341379636e-06 -9.451438279051366589e-05 2.258061467887442382e-05 9.348581390202156136e-05
3.664693901250456776e+01 -2.248232139722743540e-03 5.040369062709599939e-04 -7.891053168461986255e-06 -8.879924702771368854e-05 2.162054847620303296e-05 8.771971919519353010e-05
3.673708036533621879e+01 -2.137394692231520295e-03 4.869175081906206752e-04 -8.463546922231433229e-06 -8.453218790923124873e-05 2.086655604461033260e-05 8.343787307121628284e-05
3.679603471520444202e+01 -2.066450210479604289e-03 4.754897873227917067e-04 -8.775710786241116879e-06 -8.178953002992852910e-05 2.036509367859458091e-05 8.069527008925728704e-05
3.682147920631872040e+01 -2.036213636660483273e-03 4.705071626020336170e-04 -8.895851498406566346e-06 -8.061801548880916199e-05 2.014687289390260593e-05 7.952591625276130688e-05
3.682147920631872040e+01 -2.036213636660483273e-03 4.705071626020336170e-04 -8.895851498406566346e-06 -8.061801548880916199e-05 2.014687289390260593e-05 7.952591625276130688e-05
3.684692369743299878e+01 -2.006209887530248630e-03 4.654964485348540913e-04 -9.007434315234677684e-06 -7.945403308841392806e-05 1.992766671577744271e-05 7.836529543368093639e-05
3.690587804730122201e+01 -1.937594260746284972e-03 4.537878987608309875e-04 -9.234004614042266973e-06 -7.678670688410034668e-05 1.941635336569302484e-05 7.571004605193999021e-05
3.699601940013287305e+01 -1.835151832889791784e-03 4.356582459646875911e-04 -9.498068061754365673e-06 -7.279106034828291812e-05 1.862693328484375953e-05 7.174310009857852205e-05
3.711408237886237060e+01 -1.705591305047941125e-03 4.116105494475815873e-04 -9.704500732290498115e-06 -6.771653768722227457e-05 1.758364324601104621e-05 6.672134217437229221e-05
3.725579853958002730e+01 -1.557168367701618553e-03 3.825192114716782776e-04 -9.765640253590793146e-06 -6.187731087607912866e-05 1.632653972474577099e-05 6.096185897343998536e-05
3.741604549579128758e+01 -1.398944911807410447e-03 3.496900595267768939e-04 -9.624501967969658719e-06 -5.562644261355694978e-05 1.491345982915101104e-05 5.481404679966564496e-05
3.758903134871371066e+01 -1.239942560300898297e-03 3.148172984342085027e-04 -9.268487769413027096e-06 -4.932279514438560325e-05 1.341779022208187589e-05 4.862734241555719233e-05
3.776850385975736657e+01 -1.088283957974279549e-03 2.798166319586538700e-04 -8.729687558216675696e-06 -4.329471676480746222e-05 1.192126952478891261e-05 4.271802865741974637e-05
3.794797637080102248e+01 -9.504467074918332122e-04 2.465630603954244919e-04 -8.072514745801462384e-06 -3.780698810629164332e-05 1.050303657049310315e-05 3.733992612876287477e-05
3.812096222372343846e+01 -8.307763899303669420e-04 2.166121991219810622e-04 -7.374044169481702200e-06 -3.303859396847820014e-05 9.228165727683531751e-06 3.266479366341017040e-05
3.828120917993469874e+01 -7.313824500140578494e-04 1.910044048355365837e-04 -6.704843825960818061e-06 -2.907723579093380857e-05 8.139740348902510647e-06 2.877751418441316570e-05
3.842292534065236254e+01 -6.524516402697394264e-04 1.702204124879958609e-04 -6.116847350972041940e-06 -2.593188694914055648e-05 7.257244417836396995e-06 2.568769546682580460e-05
3.854098831938186720e+01 -5.928780996513298559e-04 1.542873955326866224e-04 -5.640566011525367413e-06 -2.355865953139490128e-05 6.581178872793958919e-06 2.335392076134524931e-05
3.863112967221349692e+01 -5.509988594979528705e-04 1.429693501439665887e-04 -5.289395998800917732e-06 -2.189088909663515037e-05 6.101132980936687689e-06 2.171241137998094773e-05
3.869008402208172726e+01 -5.252172236689657504e-04 1.359573667502458406e-04 -5.066647854197848329e-06 -2.086446592970228291e-05 5.803792771333041025e-06 2.070148936367476633e-05
3.871552851319601274e+01 -5.144681376649205004e-04 1.330245763153851230e-04 -4.972328464214316849e-06 -2.043659320371930900e-05 5.679441761830428106e-06 2.027992117127412383e-05
3.871552851319601274e+01 -5.144681376649205004e-04 1.330245763153851230e-04 -4.972328464214316849e-06 -2.043659320371930900e-05 5.679441761830428106e-06 2.027992117127412383e-05
3.874097300431029112e+01 -5.039409775190288598e-04 1.301473215809154061e-04 -4.879141079787231624e-06 -2.001759772275290682e-05 5.557451744215929045e-06 1.986700681820345018e-05
3.879992735417850724e+01 -4.803775081941570970e-04 1.236902071841178741e-04 -4.667677406637503888e-06 -1.907990269955765918e-05 5.283701102867619122e-06 1.894257897681298782e-05
3.889006870701015828e+01 -4.464692121639297732e-04 1.143628432221311037e-04 -4.356606244714769732e-06 -1.773096573336321053e-05 4.888292532515849708e-06 1.761186039104536104e-05
3.900813168573966294e+01 -4.055820861989244976e-04 1.030766408714231232e-04 -3.971536180498298855e-06 -1.610512078339576585e-05 4.409831501988077837e-06 1.600652597776507116e-05
3.914984784645732674e+01 -3.610181279749440694e-04 9.076444122287164796e-05 -3.540895516184385192e-06 -1.433403547931345212e-05 3.887735406578790280e-06 1.425584604670560418e-05
3.931009480266858702e+01 -3.152953020902457722e-04 7.818558163891873463e-05 -3.089914357517751154e-06 -1.251698269419173510e-05 3.353845083944657448e-06 1.245749076336782512e-05
3.948308065559100299e+01 -2.697633675703313351e-04 6.581729632621186965e-05 -2.635186094793159475e-06 -1.070771920637875712e-05 2.828027473743930288e-06 1.066438198716143506e-05
3.966255316663465891e+01 -2.249365945373033298e-04 5.390858727945674740e-05 -2.186740561405443996e-06 -8.927144101485638120e-06 2.320579480418915772e-06 8.897211365208401189e-06
3.984202567767830772e+01 -1.812879793894975355e-04 4.264884690309455792e-05 -1.752600659614467259e-06 -7.193980717440806429e-06 1.839388599886886438e-06 7.174680956607605586e-06
4.001501153060073079e+01 -1.397639135142255784e-04 3.228081826611830439e-05 -1.343375302555653938e-06 -5.545650898119703205e-06 1.394876663890643205e-06 5.534265892178560519e-06
4.017525848681199108e+01 -1.016499611732110523e-04 2.307130637136978155e-05 -9.715353900409277676e-07 -4.033028416072335688e-06 9.987385244351636541e-07 4.027049711445581850e-06
4.031697464752964777e+01 -6.821546832683321601e-05 1.524012722587974702e-05 -6.485879735854620978e-07 -2.706340392442563087e-06 6.608237746229216243e-07 2.703665683363024530e-06
4.043503762625915954e+01 -4.055703452134568006e-05 8.940150359261341426e-06 -3.838786668859686152e-07 -1.608973871748645571e-06 3.881994363890013245e-07 1.608033775391644439e-06
4.052517897909080347e+01 -1.956087950652652603e-05 4.267237447102995379e-06 -1.844917425429371333e-07 -7.759981029380491363e-07 1.854960744851166661e-07 7.757803889239410576e-07
4.058413332895902670e+01 -5.886920489486808062e-06 1.275428199323653206e-06 -5.539224134412605875e-08 -2.335364393220865928e-07 5.548316253462272494e-08 2.335167784697825791e-07
