-2.000000000000000000e+01 nan nan nan nan nan nan
-1.990506835034453914e+01 5.363264349527958408e-04 1.229384086964211038e-03 8.976153886029320233e-05 -4.277468492961294570e-05 8.976153886029320233e-05 -4.277468492961293892e-05
-1.969428744822841892e+01 5.551697945416514358e-04 1.220228071166637321e-03 8.903107589989607735e-05 -4.410038476184666590e-05 8.903107589989609091e-05 -4.410038476184667945e-05
-1.939685653689885925e+01 5.814933492573557674e-04 1.206835547326437280e-03 8.796903721735659478e-05 -4.595018500112138174e-05 8.796903721735656767e-05 -4.595018500112138174e-05
-1.905297534656135028e+01 6.115267568785210522e-04 1.190670813730961095e-03 8.669615081450230982e-05 -4.805763659192300577e-05 8.669615081450229627e-05 -4.805763659192302610e-05
-1.870909415622384842e+01 6.411142658091975978e-04 1.173787259800449737e-03 8.537585444036084636e-05 -5.013065525842166936e-05 8.537585444036084636e-05 -5.013065525842165580e-05
-1.841166324489428874e+01 6.663331285631266887e-04 1.158613782134538736e-03 8.419634835080954749e-05 -5.189514803452029433e-05 8.419634835080953394e-05 -5.189514803452027400e-05
-1.820088234277816142e+01 6.839901298989640782e-04 1.147544974609836102e-03 8.333971566894584086e-05 -5.312923136739256956e-05 8.333971566894578665e-05 -5.312923136739254923e-05
-1.810595069312271121e+01 6.918831571963368014e-04 1.142475138510206777e-03 8.294834879582102148e-05 -5.368053908227353205e-05 8.294834879582102148e-05 -5.368053908227353205e-05
-1.810595069312271121e+01 6.918831571963368014e-04 1.142475138510206777e-03 8.294834879582102148e-05 -5.368053908227353205e-05 8.294834879582102148e-05 -5.368053908227353205e-05
-1.801101904346725036e+01 6.997388687473961658e-04 1.137353099636806203e-03 8.255355863093451392e-05 -5.422902521597771492e-05 8.255355863093451392e-05 -5.422902521597774202e-05
-1.780023814135111948e+01 7.170462135888164929e-04 1.125795134782591302e-03 8.166484830623047344e-05 -5.543666961528085605e-05 8.166484830623047344e-05 -5.543666961528084249e-05
-1.750280723002157046e+01 7.411459939426189849e-04 1.109056024060008734e-03 8.038266896210675516e-05 -5.711654265321815065e-05 8.038266896210674161e-05 -5.711654265321817775e-05
-1.715892603968406149e+01 7.685274892125639823e-04 1.089085847299392810e-03 7.885993954599505287e-05 -5.902274663134912512e-05 7.885993954599503932e-05 -5.902274663134911834e-05
-1.681504484934655963e+01 7.953780433273604849e-04 1.068466921296853814e-03 7.729489617230820577e-05 -6.088950189509550396e-05 7.729489617230821932e-05 -6.088950189509551752e-05
-1.651761393801699995e+01 8.181624220032591511e-04 1.050120459322949991e-03 7.590787528684517704e-05 -6.247163913836609813e-05 7.590787528684459428e-05 -6.247163913836773798e-05
-1.630683303590087974e+01 8.340570881134798647e-04 1.036836146977039227e-03 7.490655567600667728e-05 -6.357431680981697169e-05 7.490655567599250133e-05 -6.357431680985753441e-05
-1.621190138624541888e+01 8.411464761306152674e-04 1.030777575566371772e-03 7.445067306160730973e-05 -6.406586119503908643e-05 7.445067306155057885e-05 -6.406586119519766455e-05
-1.621190138624541888e+01 8.411464761306152674e-04 1.030777575566371772e-03 7.445067306160730973e-05 -6.406586119503908643e-05 7.445067306155057885e-05 -6.406586119519766455e-05
-1.611696973658996157e+01 8.481924430262818924e-04 1.024672491784749118e-03 7.399177214243717765e-05 -6.455422688557191347e-05 7.399177214222968845e-05 -6.455422688613911384e-05
-1.590618883447383958e+01 8.636802427561107026e-04 1.010952342736023447e-03 7.296216975589220148e-05 -6.562711927462469607e-05 7.296216975314233951e-05 -6.562711928179184163e-05
-1.560875792314427990e+01 8.851624229162423840e-04 9.912109056765610552e-04 7.148462184273420158e-05 -6.711392521291053670e-05 7.148462178364264885e-05 -6.711392535730383664e-05
-1.526487673280676916e+01 9.094459274656439352e-04 9.678417918020813587e-04 6.974109284695840182e-05 -6.879274227967369538e-05 6.974109179056619124e-05 -6.879274468396165930e-05
-1.492099554246927084e+01 9.331235255185204138e-04 9.439029111481532812e-04 6.796077548848362948e-05 -7.042774174451840849e-05 6.796076450622410767e-05 -7.042776510168923378e-05
-1.462356463113970939e+01 9.531046141137735879e-04 9.227499058173372053e-04 6.639210999326244738e-05 -7.180594083684547786e-05 6.639205054944437474e-05 -7.180606033941973657e-05
-1.441278372902358029e+01 9.669804019293983888e-04 9.075138877187647994e-04 6.526471126998040391e-05 -7.276209373351571943e-05 6.526454226092767935e-05 -7.276242058097521733e-05
-1.431785207936813009e+01 9.731519688193788955e-04 9.005865657338023474e-04 6.475279496420940288e-05 -7.318707825836405208e-05 6.475253380050662423e-05 -7.318757472418477663e-05
-1.431785207936813009e+01 9.731519688193788955e-04 9.005865657338023474e-04 6.475279496420940288e-05 -7.318707825836405208e-05 6.475253380050662423e-05 -7.318757472418477663e-05
-1.422292042971266923e+01 9.792748892475196167e-04 8.936191962841494264e-04 6.423834741861274896e-05 -7.360851156769192532e-05 6.423795183318125809e-05 -7.360925088499614742e-05
-1.401213952759654013e+01 9.926949083846087641e-04 8.780080098802422409e-04 6.308726713803303589e-05 -7.453134804683093418e-05 6.308633525172003338e-05 -7.453302607726801636e-05
-1.371470861626698934e+01 1.011218044789784437e-03 8.556553251067405526e-04 6.144326932607531812e-05 -7.580241315236013278e-05 6.144053686728703052e-05 -7.580708755602386074e-05
-1.337082742592948037e+01 1.032025232779862226e-03 8.293564784893028190e-04 5.951666766636753010e-05 -7.722388275926069814e-05 5.950860436337943732e-05 -7.723690333920270627e-05
-1.302694623559198028e+01 1.052176833937723283e-03 8.025947234859126794e-04 5.756787437623324161e-05 -7.858882016622814593e-05 5.754721174091748662e-05 -7.862036199365503850e-05
-1.272951532426242061e+01 1.069079720651138279e-03 7.790992507788078785e-04 5.587118396353914581e-05 -7.971805841433794000e-05 5.582871740459786685e-05 -7.977987082268199980e-05
-1.251873442214630039e+01 1.080765985080629288e-03 7.622671236419591503e-04 5.466715260120897588e-05 -8.048581895189653110e-05 5.459948441074000570e-05 -8.058109476168616187e-05
-1.242380277249083953e+01 1.085951162181524867e-03 7.546401567832020877e-04 5.412556197676793779e-05 -8.082195413488595874e-05 5.404299301866937692e-05 -8.093649743258637215e-05
-1.242380277249083953e+01 1.085951162181524867e-03 7.546401567832020877e-04 5.412556197676793779e-05 -8.082195413488595874e-05 5.404299301866937692e-05 -8.093649743258637215e-05
-1.232887112283538045e+01 1.091088451161384334e-03 7.469859404389780260e-04 5.358493994881251689e-05 -8.115170596647934944e-05 5.348481689845285857e-05 -8.128856489910492224e-05
-1.211809022071924957e+01 1.102326494095266698e-03 7.298988070590066305e-04 5.239025956112150923e-05 -8.185952418277939332e-05 5.223982094730351717e-05 -8.205857433524938219e-05
-1.182065930938970055e+01 1.117800903918862894e-03 7.055911241660473314e-04 5.072682849483735269e-05 -8.279536462236137975e-05 5.047115767522935745e-05 -8.311862978694449099e-05
-1.147677811905218981e+01 1.135163509792878282e-03 6.772455238038323786e-04 4.885836561981529247e-05 -8.377230382684933705e-05 4.841209582484713828e-05 -8.430803226173471288e-05
-1.113289692871468084e+01 1.152009081730071991e-03 6.487003843991393567e-04 4.708180118933134867e-05 -8.461882332360153773e-05 4.634201261488846103e-05 -8.546247770099698021e-05
-1.083546601738513004e+01 1.166212595303890839e-03 6.239012862591937058e-04 4.565128640041058323e-05 -8.523077472304719799e-05 4.454624870717899357e-05 -8.643666279735239954e-05
-1.062468511526899917e+01 1.176101645462654388e-03 6.062910069354483225e-04 4.471502570319395553e-05 -8.558954352948544054e-05 4.327246883386364011e-05 -8.711561410392486585e-05
-1.052975346561355074e+01 1.180514015466094680e-03 5.983549757028072289e-04 4.431815757696259847e-05 -8.572943669885587455e-05 4.269881574396944046e-05 -8.741878776186644924e-05
-1.052975346561355074e+01 1.180514015466094680e-03 5.983549757028072289e-04 4.431815757696259847e-05 -8.572943669885587455e-05 4.269881574396944046e-05 -8.741878776186644924e-05
-1.043482181595808989e+01 1.184903492288446941e-03 5.904180979689415505e-04 4.393837794129592671e-05 -8.585529823672260065e-05 4.212532776620396281e-05 -8.772055456906321816e-05
-1.022404091384196079e+01 1.194578748137243521e-03 5.727998568056201891e-04 4.316259645360212994e-05 -8.608264976378623967e-05 4.085309237312947364e-05 -8.838637551747965070e-05
-9.926610002512406439e+00 1.208106746835351832e-03 5.479749165071593452e-04 4.225002584132305622e-05 -8.627474927273467151e-05 3.906223963537706608e-05 -8.931916966033954576e-05
-9.582728812174899247e+00 1.223659648479660800e-03 5.193772666515957806e-04 4.151375923647842924e-05 -8.629695320515924238e-05 3.700169811262626744e-05 -9.039484458189015836e-05
-9.238847621837393831e+00 1.239248101590406962e-03 4.909523925069316994e-04 4.119127085312645256e-05 -8.609222520028383778e-05 3.495608938649849670e-05 -9.147718564076224852e-05
-8.941416710507837706e+00 1.252875610748351281e-03 4.665519796725639372e-04 4.130921404119812989e-05 -8.572452592713545444e-05 3.320197353097648524e-05 -9.242731918592855713e-05
-8.730635808391712160e+00 1.262675965815355638e-03 4.493841470147209730e-04 4.164874437493714889e-05 -8.535448972843941097e-05 3.196878638678683429e-05 -9.311307634487381042e-05
-8.635704158736254854e+00 1.267141245429575808e-03 4.416892450697586410e-04 4.187772293766044536e-05 -8.515792570555800957e-05 3.141630750651337495e-05 -9.342623058709192442e-05
-8.635704158736254854e+00 1.267141245429575808e-03 4.416892450697586410e-04 4.187772293766044536e-05 -8.515792570555800957e-05 3.141630750651337495e-05 -9.342623058709192442e-05
-8.540772509080797548e+00 1.271643935248205955e-03 4.340187825712117620e-04 4.215683116542369901e-05 -8.494274960147666243e-05 3.086573715622879593e-05 -9.374246260838746739e-05
-8.329991606964672002e+00 1.281795743112323048e-03 4.170796406360422577e-04 4.296650965648278302e-05 -8.439851381496979302e-05 2.965041076785871830e-05 -9.445712523311624274e-05
-8.032560695635115877e+00 1.296559241884187889e-03 3.934074052789548960e-04 4.459435020820587316e-05 -8.347569473122827099e-05 2.795318719356106859e-05 -9.550057989043751175e-05
-7.688679505297609573e+00 1.314437822067019389e-03 3.664016547564105794e-04 4.727190578055739245e-05 -8.218726484449750643e-05 2.601854820668444472e-05 -9.677056416881760301e-05
-7.344798314960103269e+00 1.333417909015043945e-03 3.398151814198883199e-04 5.092157282935337798e-05 -8.066998344623930333e-05 2.411548330922203538e-05 -9.812589570395353921e-05
-7.047367403630547145e+00 1.350935723497326876e-03 3.171795802433222014e-04 5.496997495613303999e-05 -7.918239332663435303e-05 2.249633231863183046e-05 -9.938265422561652987e-05
-6.836586501514421599e+00 1.364086693836634228e-03 3.013506029554081293e-04 5.839899980271387106e-05 -7.803505301610139068e-05 2.136462779869509706e-05 -1.003294111315732924e-04
-6.741654851858964292e+00 1.370234587067258644e-03 2.942811126492305709e-04 6.010779344067966666e-05 -7.749417221958745472e-05 2.085932951237286033e-05 -1.007728846355575601e-04
-6.741654851858964292e+00 1.370234587067258644e-03 2.942811126492305709e-04 6.010779344067966666e-05 -7.749417221958745472e-05 2.085932951237286033e-05 -1.007728846355575601e-04
-6.646723202203506986e+00 1.376533672132098122e-03 2.872495515628591882e-04 6.192443639689828509e-05 -7.693875878186829818e-05 2.035682441645221576e-05 -1.012278053231045332e-04
-6.435942300087381440e+00 1.391105137315273204e-03 2.717763438780373682e-04 6.636590012399415904e-05 -7.565523811747896111e-05 1.925131888554660605e-05 -1.022821042802731585e-04
-6.138511388757825316e+00 1.413215786581333054e-03 2.502838411515756543e-04 7.367751777862243333e-05 -7.373172668902513288e-05 1.771633793461183717e-05 -1.038864787455228810e-04
-5.794630198420319012e+00 1.441461566424289851e-03 2.259707602879904216e-04 8.386408162199663241e-05 -7.135486152782811705e-05 1.598063335396567781e-05 -1.059426654700193233e-04
-5.450749008082812708e+00 1.473221856636845696e-03 2.022922682272048993e-04 9.622502260032628142e-05 -6.882597245392068545e-05 1.429084856829646623e-05 -1.082616311299857559e-04
-5.153318096753256583e+00 1.504163599441706326e-03 1.823847984318388809e-04 1.089839995295552164e-04 -6.652451993317632175e-05 1.287055112506854753e-05 -1.105261665529172016e-04
-4.942537194637131037e+00 1.528415559023045718e-03 1.686330822485063825e-04 1.193710819005518848e-04 -6.483345285382024657e-05 1.188958453280111006e-05 -1.123039071132437308e-04
-4.847605544981673731e+00 1.540050773773702503e-03 1.625431609258783279e-04 1.244541265746946254e-04 -6.405643633567345541e-05 1.145519376197433666e-05 -1.131575150957286446e-04
-4.847605544981673731e+00 1.540050773773702503e-03 1.625431609258783279e-04 1.244541265746946254e-04 -6.405643633567345541e-05 1.145519376197433666e-05 -1.131575150957286446e-04
-4.752673895326216424e+00 1.552166213975937018e-03 1.565205121286209226e-04 1.298069505227961845e-04 -6.327031184083484780e-05 1.102561398440932513e-05 -1.140467780599096039e-04
-4.541892993210089990e+00 1.580929103001144304e-03 1.433987205905811672e-04 1.427270002659735673e-04 -6.149433827872835708e-05 1.008969596197127510e-05 -1.161594308557052093e-04
-4.244462081880534754e+00 1.626441967636975275e-03 1.255017649392138894e-04 1.636537939168826341e-04 -5.892650185171559790e-05 8.813173183045944320e-06 -1.195057005861034687e-04
-3.900580891543028006e+00 1.687513939407387677e-03 1.057596667425023698e-04 1.923826538264915937e-04 -5.589654265979974047e-05 7.404861279665052017e-06 -1.240003109229724596e-04
-3.556699701205522146e+00 1.759412126885441085e-03 8.706197838360802918e-05 2.267992598163715099e-04 -5.285131867183392220e-05 6.070635014145861735e-06 -1.292956779374851493e-04
-3.259268789875966021e+00 1.831957723787098558e-03 7.172993671144274987e-05 2.619033027348536408e-04 -5.025526487971033448e-05 4.976037506303929590e-06 -1.346413463794095982e-04
-3.048487887759840032e+00 1.890090025638656648e-03 6.132675570044513467e-05 2.901860251974109467e-04 -4.846422200694174953e-05 4.232916898923909497e-06 -1.389261181350991603e-04
-2.953556238104383169e+00 1.918285201029569335e-03 5.676346560038053477e-05 3.039323607624396461e-04 -4.767642389854301912e-05 3.906818476395171486e-06 -1.410045693424343027e-04
-2.953556238104383169e+00 1.918285201029569335e-03 5.676346560038053477e-05 3.039323607624396461e-04 -4.767642389854301912e-05 3.906818476395171486e-06 -1.410045693424343027e-04
-2.858624588448925863e+00 1.952638568857265576e-03 5.156740020919323500e-05 3.206964112900354837e-04 -4.678120414270179163e-05 3.535385256380799277e-06 -1.435371597955242026e-04
-2.647843686332798985e+00 2.035705091176173015e-03 4.039195540193420874e-05 3.612605626715372051e-04 -4.487837454500689986e-05 2.736033098553308746e-06 -1.496615738363480297e-04
-2.350412775003244192e+00 2.170703197058464554e-03 2.541444878280936737e-05 4.271214363138716753e-04 -4.244159670045560953e-05 1.663398972968158350e-06 -1.596159803962075993e-04
-2.006531584665737000e+00 2.356983301242519639e-03 9.110692509454575166e-06 5.175798846238801156e-04 -4.008852959100636995e-05 4.934610449490272035e-07 -1.733528714116344910e-04
-1.662650394328230030e+00 2.581642229896213055e-03 -6.325273638223818830e-06 6.257143473387616816e-04 -3.835688743090248209e-05 -6.171758687937592514e-07 -1.899205584865862122e-04
-1.365219482998673906e+00 2.812401881692545760e-03 -1.918616977646580020e-05 7.355014040689321266e-04 -3.745352219822531675e-05 -1.545292844618646113e-06 -2.069383800067090863e-04
-1.154438580882547916e+00 2.999383617399974458e-03 -2.814086330430745780e-05 8.234472107532166824e-04 -3.718786642837297140e-05 -2.193213847527379192e-06 -2.207277987855400618e-04
-1.059506931227091053e+00 3.090569252190891476e-03 -3.215472551695971928e-05 8.660010974576254437e-04 -3.717663775134177206e-05 -2.484120061774582720e-06 -2.274525308210879621e-04
-1.059506931227091053e+00 3.090569252190891476e-03 -3.215472551695971928e-05 8.660010974576254437e-04 -3.717663775134177206e-05 -2.484120061774582720e-06 -2.274525308210879621e-04
-9.645752815716339690e-01 3.186355603602244665e-03 -3.616709863833463651e-05 9.104650139856986174e-04 -3.723531047359841448e-05 -2.775223006334771075e-06 -2.345165782299377967e-04
-7.537943794555077570e-01 3.416494044618341528e-03 -4.510916388740854517e-05 1.016306058369007351e-03 -3.762367529891047513e-05 -3.425084169201583780e-06 -2.514889358461634911e-04
-4.563634681259524095e-01 3.785946200858247238e-03 -5.794570129029510383e-05 1.183340260592071749e-03 -3.880183365720627251e-05 -4.360583375994338497e-06 -2.787359273684370952e-04
-1.124822777884463970e-01 4.286517125100326037e-03 -7.340493296674871482e-05 1.404195737561186831e-03 -4.112242716636407255e-05 -5.490977644944728280e-06 -3.156540874149831944e-04
2.313989125490595877e-01 4.876652598915410738e-03 -8.990734926338461675e-05 1.656955569994139881e-03 -4.450113280267316171e-05 -6.701473640320104136e-06 -3.591799793745861476e-04
5.288298238786148797e-01 5.468523396731069311e-03 -1.053317013410670074e-04 1.902769030144891692e-03 -4.828647527851101707e-05 -7.835695770226308471e-06 -4.028364811716032162e-04
7.396107259947408696e-01 5.938351119852984875e-03 -1.170584670714427370e-04 2.092801949332992462e-03 -5.145237813726447621e-05 -8.699421924628880881e-06 -4.374930232259442871e-04
8.345423756501979540e-01 6.164512166254371844e-03 -1.225839191249574877e-04 2.182759813534064161e-03 -5.300812408213914699e-05 -9.106738363906680077e-06 -4.541762767185418353e-04
8.345423756501979540e-01 6.164512166254371844e-03 -1.225839191249574877e-04 2.182759813534064161e-03 -5.300812408213914699e-05 -9.106738363906680077e-06 -4.541762767185418353e-04
9.294740253056549273e-01 6.400094193177756179e-03 -1.282723755744023017e-04 2.275457461446097306e-03 -5.464387731173040238e-05 -9.526270210584010474e-06 -4.715549246008589887e-04
1.140254927421781916e+00 6.958208258550567689e-03 -1.415259287952069615e-04 2.491137351821021573e-03 -5.855888628265600010e-05 -1.050441586790242448e-05 -5.127282053736172563e-04
1.437685838751336931e+00 7.832759567470325840e-03 -1.618295934698944555e-04 2.818728117862684401e-03 -6.473471008627129783e-05 -1.200434098430824546e-05 -5.772507034468219150e-04
1.781567029088843901e+00 8.980662267884067726e-03 -1.879190642393605091e-04 3.231347978941411739e-03 -7.279413504632264347e-05 -1.393356262237683737e-05 -6.619494379748926821e-04
2.125448219426350871e+00 1.028721441168753935e-02 -2.171402151969936863e-04 3.679793152753741727e-03 -8.179391169945679540e-05 -1.609607125022422956e-05 -7.583661361630661835e-04
2.422879130755906996e+00 1.155457632086357052e-02 -2.451873864858443138e-04 4.095813712419956593e-03 -9.029557577093247985e-05 -1.817287584586065540e-05 -8.519023827756748478e-04
2.633660032872032986e+00 1.253417257604249463e-02 -2.667331550444137318e-04 4.405947653674187163e-03 -9.670219711166531127e-05 -1.976885108559879730e-05 -9.242078969811712199e-04
2.728591682527489848e+00 1.299823154777525296e-02 -2.769095277475184711e-04 4.549661397755430138e-03 -9.968681555451964983e-05 -2.052279611646887184e-05 -9.584630197320342590e-04
2.728591682527489848e+00 1.299823154777525296e-02 -2.769095277475184711e-04 4.549661397755430138e-03 -9.968681555451964983e-05 -2.052279611646887184e-05 -9.584630197320342590e-04
2.823523332182947154e+00 1.347681130839135065e-02 -2.873873637550390073e-04 4.695830091172326429e-03 -1.027312696535837938e-04 -2.129916063303619029e-05 -9.937914732365184939e-04
3.034304234299074032e+00 1.459243818843246852e-02 -3.117568082770476702e-04 5.028955892389939605e-03 -1.096985224985491664e-04 -2.310513163974154365e-05 -1.076151975893124358e-03
3.331735145628628825e+00 1.629477859781452986e-02 -3.488278776320273404e-04 5.518421895209089933e-03 -1.199939807872019029e-04 -2.585306672099865126e-05 -1.201840996552670923e-03
3.675616335966135129e+00 1.845706840296828730e-02 -3.957783306700330263e-04 6.111018109653269283e-03 -1.325273312460700293e-04 -2.933426748898725279e-05 -1.361514080938528099e-03
4.019497526303640988e+00 2.083568490632094206e-02 -4.473103396360743355e-04 6.730136719337876001e-03 -1.456785259209251602e-04 -3.315616471764443716e-05 -1.537191991866711195e-03
4.316928437633196225e+00 2.307339150517625365e-02 -4.957163164289737304e-04 7.285269153244804466e-03 -1.575057911065144212e-04 -3.674701681516786200e-05 -1.702490397762417484e-03
4.527709339749321771e+00 2.476305835862013111e-02 -5.322337922059103667e-04 7.688847502607007618e-03 -1.661198417755168309e-04 -3.945641036955459095e-05 -1.827322501578709487e-03
4.622640989404779077e+00 2.555263695780669864e-02 -5.492905991941435424e-04 7.873202448352080440e-03 -1.700583417914231844e-04 -4.072205507752227598e-05 -1.885661278996642910e-03
4.622640989404779077e+00 2.555263695780669864e-02 -5.492905991941435424e-04 7.873202448352080440e-03 -1.700583417914231844e-04 -4.072205507752227598e-05 -1.885661278996642910e-03
4.717572639060236384e+00 2.636013804835932173e-02 -5.667301976299394216e-04 8.059098980356940375e-03 -1.740317765075282818e-04 -4.201618211423767011e-05 -1.945327477609519592e-03
4.928353541176362818e+00 2.821770628037411494e-02 -6.068336215762790359e-04 8.477124823020728769e-03 -1.829732976089470194e-04 -4.499239615863521920e-05 -2.082595159060828763e-03
5.225784452505918942e+00 3.099234539222645371e-02 -6.667056933848734650e-04 9.078526627015132480e-03 -1.958501488113381607e-04 -4.943642289975740079e-05 -2.287661813810249953e-03
5.569665642843425246e+00 3.442744608827654623e-02 -7.407922740702991074e-04 9.788982600357556962e-03 -2.110770351277651701e-04 -5.493663519194880694e-05 -2.541590969347369989e-03
5.913546833180932438e+00 3.810948895701562339e-02 -8.201719713232931376e-04 1.051363775686819067e-02 -2.266205358322606102e-04 -6.083108895355665932e-05 -2.813833350677397670e-03
6.210977744510487675e+00 4.149544823338834759e-02 -8.931465769657123384e-04 1.115028803574154986e-02 -2.402838539130684996e-04 -6.625103185781983518e-05 -3.064236056357559808e-03
6.421758646626614109e+00 4.400878888658320276e-02 -9.473038499526907283e-04 1.160627927057786973e-02 -2.500732566203783922e-04 -7.027404170074845707e-05 -3.250137299953419039e-03
6.516690296282071415e+00 4.517169352782288150e-02 -9.723594642058638578e-04 1.181281780538811360e-02 -2.545080386158503414e-04 -7.213545481479288269e-05 -3.336161414601876516e-03
6.516690296282071415e+00 4.517169352782288150e-02 -9.723594642058638578e-04 1.181281780538811360e-02 -2.545080386158503414e-04 -7.213545481479288269e-05 -3.336161414601876516e-03
6.611621945937527833e+00 4.635385155907523896e-02 -9.978284123611780559e-04 1.202002782360798820e-02 -2.589576371387748797e-04 -7.402769389897570138e-05 -3.423615512730939382e-03
6.822402848053654267e+00 4.904757579899625408e-02 -1.055858150504303261e-03 1.248231600947830207e-02 -2.688859992393018280e-04 -7.833950854706941513e-05 -3.622914199764413860e-03
7.119833759383210392e+00 5.301055508596084348e-02 -1.141219828842550540e-03 1.313918053353613051e-02 -2.829955818120965172e-04 -8.468327713937251543e-05 -3.916173728571069150e-03
7.463714949720715808e+00 5.782871466362590751e-02 -1.244987265005650370e-03 1.390395326195096280e-02 -2.994255749739117714e-04 -9.239660655174082810e-05 -4.272800389458136089e-03
7.807596140058222112e+00 6.289986064585806336e-02 -1.354189041507890007e-03 1.467291706362575630e-02 -3.159473254279405790e-04 -1.005158647427031936e-04 -4.648249998406190318e-03
8.105027051387777348e+00 6.748931709052979899e-02 -1.453007684342790852e-03 1.534023482324170171e-02 -3.302858752589563356e-04 -1.078648378109356274e-04 -4.988121769797500792e-03
8.315807953503902894e+00 7.085538023261606089e-02 -1.525479127126106241e-03 1.581386009100202092e-02 -3.404627395786835944e-04 -1.132554305987978010e-04 -5.237445717401008685e-03
8.410739603159360200e+00 7.240205308378623583e-02 -1.558777610420748142e-03 1.602726799866766028e-02 -3.450482688215127190e-04 -1.157325335112738783e-04 -5.352021796133024298e-03
8.410739603159360200e+00 7.240205308378623583e-02 -1.558777610420748142e-03 1.602726799866766028e-02 -3.450482688215127190e-04 -1.157325335112738783e-04 -5.352021796133024298e-03
8.505671252814817507e+00 7.396771000499910431e-02 -1.592483934239351034e-03 1.624069662603737016e-02 -3.496342260061718193e-04 -1.182401575680075168e-04 -5.468013237034118762e-03
8.716452154930943053e+00 7.751164397380487514e-02 -1.668776621112834629e-03 1.671451994770178917e-02 -3.598151888218229064e-04 -1.239167174271542350e-04 -5.730598415057611486e-03
9.013883066260499177e+00 8.267020974820789292e-02 -1.779821477469745823e-03 1.738251904153245014e-02 -3.741679327337315165e-04 -1.321806593476442166e-04 -6.112900671988973252e-03
9.357764256598006369e+00 8.886246449284712634e-02 -1.913107626278077620e-03 1.815303786782727913e-02 -3.907224756926153206e-04 -1.421023403531165559e-04 -6.571937004698621618e-03
9.701645446935513561e+00 9.529638404478876779e-02 -2.051584694944416642e-03 1.892055027070503256e-02 -4.072110619940461150e-04 -1.524133326431680350e-04 -7.049033474484772341e-03
9.999076358265069686e+00 1.010535173854704150e-01 -2.175486605061498647e-03 1.958115012780073036e-02 -4.214014941746199120e-04 -1.616415409627530470e-04 -7.476068306306249238e-03
1.020985726038120056e+01 1.052400382715123206e-01 -2.265581743421164924e-03 2.004710510709025242e-02 -4.314098826426137853e-04 -1.683532813811592776e-04 -7.786676249719537771e-03
1.030478891003665076e+01 1.071541667806894804e-01 -2.306773011220107552e-03 2.025629933982277600e-02 -4.359029804056690854e-04 -1.714222789024932630e-04 -7.928710409248833010e-03
1.030478891003665076e+01 1.071541667833526418e-01 -2.306773011280351462e-03 -2.989426735345293226e-02 7.524711492034250049e-04 -1.714222789148631154e-04 -7.928710409810505247e-03
1.039972055969210984e+01 1.043663656561116537e-01 -2.236507535659768703e-03 -2.887908008595548026e-02 7.288783267061983056e-04 -1.662410676423769931e-04 -7.722697632419366597e-03
1.061050146180824072e+01 9.851873508857646178e-02 -2.088464597388054768e-03 -2.677215535906193183e-02 6.799777037765250250e-04 -1.553259339366290634e-04 -7.290558920179273858e-03
1.090793237313778974e+01 9.100126018535986683e-02 -1.896633469177604319e-03 -2.411072115568251711e-02 6.183509481947415147e-04 -1.411850783827603764e-04 -6.734995993819973929e-03
1.125181356347530048e+01 8.325512186348174581e-02 -1.696780014079208448e-03 -2.142787993715291467e-02 5.564288162827276969e-04 -1.264567845013325178e-04 -6.162504404358060128e-03
1.159569475381280057e+01 7.638885220545867105e-02 -1.517286631019877912e-03 -1.910449774593281705e-02 5.030091835447667416e-04 -1.132330417914040554e-04 -5.655013006277176228e-03
1.189312566514236025e+01 7.106757155640544554e-02 -1.376284411429372313e-03 -1.734211702118425985e-02 4.626486954501662246e-04 -1.028482725533447906e-04 -5.261693016694591468e-03
1.210390656725848046e+01 6.760469011614855805e-02 -1.283448923245665216e-03 -1.621435776123221831e-02 4.369099774982761436e-04 -9.601274513791583525e-05 -5.005725618287998856e-03
1.219883821691393955e+01 6.612195796819966831e-02 -1.243402393238672316e-03 -1.573629954162672137e-02 4.260230894450854362e-04 -9.306457401355649691e-05 -4.896123251610227933e-03
1.219883821691393955e+01 6.612195796819966831e-02 -1.243402393238672316e-03 -1.573629954162672137e-02 4.260230894450854362e-04 -9.306457401355649691e-05 -4.896123251610227933e-03
1.229376986656940041e+01 6.468446693686048798e-02 -1.204392799332894889e-03 -1.527567149684323430e-02 4.155477617573845989e-04 -9.019303296692691302e-05 -4.789863548773716680e-03
1.250455076868552062e+01 6.164614131895136684e-02 -1.121288718884579918e-03 -1.431155121744296516e-02 3.936729083401686196e-04 -8.407666035376088940e-05 -4.565264654003672699e-03
1.280198168001508030e+01 5.769142800693030648e-02 -1.011616170974274790e-03 -1.307673918623476934e-02 3.657697999523126711e-04 -7.600715476957392602e-05 -4.272913784066606491e-03
1.314586287035258927e+01 5.355404211025054789e-02 -8.947118083395341629e-04 -1.181067017161794436e-02 3.373179160458776170e-04 -6.740869205526189519e-05 -3.967045009354580251e-03
1.348974406069008936e+01 4.982846346306923913e-02 -7.871366723970210037e-04 -1.069470121576742393e-02 3.124002119849479371e-04 -5.949957515878834735e-05 -3.691607427410138059e-03
1.378717497201965081e+01 4.689999855322780214e-02 -7.007193739973418146e-04 -9.834580269048502979e-03 2.933198539550892605e-04 -5.314841672044547723e-05 -3.475092624338762919e-03
1.399795587413577991e+01 4.497340480814854269e-02 -6.428175784970112079e-04 -9.277373334705020860e-03 2.810272166553136352e-04 -4.889424903250802430e-05 -3.332646249691433634e-03
1.409288752379123011e+01 4.414317284961687821e-02 -6.175784820023835645e-04 -9.039453554040614847e-03 2.757966623781437352e-04 -4.704021008459302258e-05 -3.271260350026560480e-03
1.409288752379123011e+01 4.414317284961687821e-02 -6.175784820023835645e-04 -9.039453554040614847e-03 2.757966623781437352e-04 -4.704021008459302258e-05 -3.271260350026560480e-03
1.418781917344668919e+01 4.333512860677736500e-02 -5.928350197036472407e-04 -8.809195438844012044e-03 2.707457201026154192e-04 -4.522277909172004720e-05 -3.211514317006735481e-03
1.439860007556282007e+01 4.161668603841212066e-02 -5.395832856384731070e-04 -8.323890527105104811e-03 2.601387080294052150e-04 -4.131206878662818129e-05 -3.084452125077643669e-03
1.469603098689237086e+01 3.935743008090254735e-02 -4.681200600768670758e-04 -7.695242023069591951e-03 2.464852086042329093e-04 -3.606543013025698146e-05 -2.917397520648198125e-03
1.503991217722987983e+01 3.696461640898059814e-02 -3.903449355562785402e-04 -7.041644544981711350e-03 2.324094172463605536e-04 -3.035736404036324084e-05 -2.740461797244495706e-03
1.538379336756739058e+01 3.478234916878973626e-02 -3.171988298155984320e-04 -6.457142257955033986e-03 2.199430869943031234e-04 -2.499091374992862984e-05 -2.579089987108435910e-03
1.568122427889693959e+01 3.304717108398515235e-02 -2.572619718887290572e-04 -6.000720743245571177e-03 2.103017842092655095e-04 -2.059491051595462485e-05 -2.450775868225069619e-03
1.589200518101307047e+01 3.189547589089025692e-02 -2.164816226846340286e-04 -5.702048438941755698e-03 2.040432708618736724e-04 -1.760458321865522051e-05 -2.365608105598033303e-03
1.598693683066852955e+01 3.139657633550245464e-02 -1.985437900448972599e-04 -5.573760007743592745e-03 2.013685065253613144e-04 -1.628940752443243237e-05 -2.328714196960757557e-03
1.598693683066852955e+01 3.139657633550245464e-02 -1.985437900448972599e-04 -5.573760007743592745e-03 2.013685065253613144e-04 -1.628940752443243237e-05 -2.328714196960757557e-03
1.608186848032397975e+01 3.090946348673330804e-02 -1.808605749614264780e-04 -5.449153417105921833e-03 1.987787163208494924e-04 -1.499299460980633269e-05 -2.292691742348812976e-03
1.629264938244011063e+01 2.986831835986314410e-02 -1.424685548702291961e-04 -5.185023831733344933e-03 1.933174510480823534e-04 -1.217866387240738917e-05 -2.215697527916674764e-03
1.659008029376967031e+01 2.848825044387192501e-02 -9.020614433612787156e-05 -4.839682093703228868e-03 1.862402159499915643e-04 -8.348198345472342201e-06 -2.113638484203456125e-03
1.693396148410716862e+01 2.701180814814171938e-02 -3.232571644275590372e-05 -4.476510458824444968e-03 1.788844076254031076e-04 -4.106717004023653667e-06 -2.004451453971930336e-03
1.727784267444468114e+01 2.565110389071020847e-02 2.309916524628532748e-05 -4.147853591716464845e-03 1.723150560057026587e-04 -4.576106789591885836e-08 -1.903823238058461632e-03
1.757527358577423016e+01 2.455887210712806926e-02 6.925211271825231450e-05 -3.888447588041265592e-03 1.671963644007207152e-04 3.335542672979941178e-06 -1.823049558246308101e-03
1.778605448789036103e+01 2.382859747827413902e-02 1.010416029858086066e-04 -3.717288492280977717e-03 1.638546116727830962e-04 5.664446181541598848e-06 -1.769043955555739877e-03
1.788098613754581834e+01 2.351088135060355397e-02 1.151252291927863381e-04 -3.643411148081685414e-03 1.624216087789749803e-04 6.696205515665321657e-06 -1.745548187761435067e-03
1.788098613754581834e+01 2.351088135060355397e-02 1.151252291927863381e-04 -3.643411148081685414e-03 1.624216087789749803e-04 6.696205515665321657e-06 -1.745548187761435067e-03
1.797591778720127920e+01 2.319985162078196800e-02 1.290694570841915620e-04 -3.571440496307430428e-03 1.610312950739632395e-04 7.717752754512322336e-06 -1.722546982444336317e-03
1.818669868931739941e+01 2.253227940992969663e-02 1.595515919047057682e-04 -3.418165867360162345e-03 1.580899848246159649e-04 9.950880743480501476e-06 -1.673179188559421014e-03
1.848412960064695909e+01 2.164132994617130185e-02 2.015061563351230477e-04 -3.216222999959392551e-03 1.542582242124274051e-04 1.302460584960281739e-05 -1.607293382430543920e-03
1.882801079098446095e+01 2.068010923139227894e-02 2.485913116182110992e-04 -3.001845914767447502e-03 1.502496055261960835e-04 1.647454130386629870e-05 -1.536212788770339966e-03
1.917189198132196992e+01 1.978642530116916237e-02 2.942889569251520452e-04 -2.805934919388508846e-03 1.466448675712685699e-04 1.982333750089940974e-05 -1.470128677002576845e-03
1.946932289265151894e+01 1.906332719866006206e-02 3.327935581851966420e-04 -2.649930147067267646e-03 1.438181948741047115e-04 2.264557249231269177e-05 -1.416660738717319228e-03
1.968010379476764982e+01 1.857686329660189137e-02 3.595508042447383363e-04 -2.546291531125699850e-03 1.419634417704253044e-04 2.460714829501132802e-05 -1.380691498774386239e-03
1.977503544442310002e+01 1.836444512691474962e-02 3.714658093064811739e-04 -2.501377486463932445e-03 1.411656539661549183e-04 2.548075186878221666e-05 -1.364985629523059749e-03
1.977503544442310002e+01 1.836444512691474962e-02 3.714658093064811739e-04 -2.501377486463932445e-03 1.411656539661549183e-04 2.548075186878221666e-05 -1.364985629523059749e-03
1.986996709407856088e+01 1.815603168337834999e-02 3.832993431784870696e-04 -2.457515040958547711e-03 1.403901610794841992e-04 2.634845727982777899e-05 -1.349576104230629887e-03
2.008074799619469175e+01 1.770711765929903689e-02 4.092926096953492855e-04 -2.363738573832824350e-03 1.387445165409892877e-04 2.825472333548127515e-05 -1.316385498484801174e-03
2.037817890752424077e+01 1.710449979184611863e-02 4.453450549912755705e-04 -2.239400574059100934e-03 1.365895403880239636e-04 3.089941861873603322e-05 -1.271832883634727322e-03
2.072206009786174974e+01 1.644966519253984044e-02 4.861773374933580391e-04 -2.106374639298370152e-03 1.343198519190382022e-04 3.389590518193443935e-05 -1.223423055762680456e-03
2.106594128819925871e+01 1.583624216511209798e-02 5.261684170227797332e-04 -1.983818301434187113e-03 1.322633289577756827e-04 3.683202838722998094e-05 -1.178078331185675176e-03
2.136337219952881128e+01 1.533649438916088494e-02 5.601304533143575603e-04 -1.885508300665934573e-03 1.306385981014167601e-04 3.932670477610072945e-05 -1.141139678499561438e-03
2.157415310164493860e+01 1.499849320437268881e-02 5.838686281234989339e-04 -1.819827576593381971e-03 1.295658059965358133e-04 4.107111034500072870e-05 -1.116158270941821620e-03
2.166908475130039946e+01 1.485043500072368017e-02 5.944744721314259694e-04 -1.791268193790686997e-03 1.291025408876171100e-04 4.185068762665272149e-05 -1.105215908340629162e-03
2.166908475130039946e+01 1.485043500072368017e-02 5.944744721314259694e-04 -1.791268193790686997e-03 1.291025408876171100e-04 4.185068762665272149e-05 -1.105215908340629162e-03
2.176401640095584966e+01 1.470488632488012662e-02 6.050288376199143689e-04 -1.763320602661190561e-03 1.286510900746637095e-04 4.262661127336834328e-05 -1.094459333069454279e-03
2.197479730307198054e+01 1.439041310895422358e-02 6.282843453085584437e-04 -1.703376645172984634e-03 1.276890988905962903e-04 4.433675909057513035e-05 -1.071219764893633231e-03
2.227222821440154021e+01 1.396612716598517184e-02 6.606979160741303101e-04 -1.623477770037590672e-03 1.264201868762069995e-04 4.672152014004840500e-05 -1.039867736341211404e-03
2.261610940473903852e+01 1.350217727063439052e-02 6.976200592243873627e-04 -1.537441189485726440e-03 1.250704534207000682e-04 4.943974821822508090e-05 -1.005588783302571211e-03
2.295999059507655105e+01 1.306469357266709479e-02 7.339856025284422197e-04 -1.457640430157629199e-03 1.238332041143511044e-04 5.211897450951794708e-05 -9.732696316390812303e-04
2.325742150640610006e+01 1.270612665757217194e-02 7.650168060978860141e-04 -1.393236113645657725e-03 1.228440469238481535e-04 5.440685697413729722e-05 -9.467840259090781535e-04
2.346820240852223094e+01 1.246247015687380714e-02 7.867823104303009072e-04 -1.350004840011234967e-03 1.221842135942014158e-04 5.601256059549170432e-05 -9.287883266993089346e-04
2.356313405817768825e+01 1.235544010359218743e-02 7.965260559662947328e-04 -1.331154670746530124e-03 1.218974175784032948e-04 5.673165287148660514e-05 -9.208839823399362278e-04
2.356313405817768825e+01 1.235544010359218743e-02 7.965260559662962507e-04 -1.331154670746529040e-03 1.218974175784032541e-04 5.673165287148668645e-05 -9.208839823399362278e-04
2.365806570783314910e+01 1.223011765075151906e-02 8.080820850796369180e-04 -1.309193230649137538e-03 1.215639029290469891e-04 5.758471294687842357e-05 -9.116291678553033965e-04
2.386884660994926932e+01 1.195916543912451876e-02 8.336296506069775913e-04 -1.262126441950872950e-03 1.208510029185024475e-04 5.947149337446397800e-05 -8.916216447881968954e-04
2.416627752127882900e+01 1.159319233206689871e-02 8.694320937869237089e-04 -1.199480654680918582e-03 1.199046697909620556e-04 6.211773819919043003e-05 -8.646017668904921885e-04
2.451015871161633086e+01 1.119242822334895818e-02 9.104800542385322552e-04 -1.132152562210558475e-03 1.188885400489755683e-04 6.515487077674036618e-05 -8.350193203402052041e-04
2.485403990195383983e+01 1.081343653347000174e-02 9.508443929844759670e-04 -1.069756395434124513e-03 1.179821672899165213e-04 6.814450681623129304e-05 -8.070503524070076753e-04
2.515147081328339951e+01 1.049955296814133500e-02 9.835389851034919990e-04 -1.019010485120790208e-03 1.174603920667327615e-04 7.056645860681277829e-05 -7.838903377550802834e-04
2.536225171539951972e+01 1.028176799887667130e-02 1.003560463452586116e-03 -9.842534356301337831e-04 1.174346473282993357e-04 7.204735153154920042e-05 -7.678219977914789093e-04
2.545718336505498058e+01 1.018419098838581338e-02 1.011226708470270349e-03 -9.687871372617527788e-04 1.175662483265503278e-04 7.261296281488200950e-05 -7.606226086383857535e-04
2.545718336505498058e+01 1.018419098838581338e-02 1.011226708470270349e-03 -9.687871372617527788e-04 1.175662483265503278e-04 7.261296281488200950e-05 -7.606226086383857535e-04
2.555211501471044144e+01 1.008661338845538366e-02 1.017833324223110921e-03 -9.533801151197098629e-04 1.178081170308254138e-04 7.309899426213750293e-05 -7.534229621270852615e-04
2.576289591682656877e+01 9.868903606485925767e-03 1.027953320303041105e-03 -9.191969708104577932e-04 1.188093839527165109e-04 7.383626923221153293e-05 -7.373581676395465825e-04
2.606032682815612134e+01 9.556109863940436683e-03 1.029221778310149271e-03 -8.704869900257334453e-04 1.215079203066772611e-04 7.389803978661755278e-05 -7.142721288609461729e-04
2.640420801849363031e+01 9.181996007317803909e-03 1.008288856911497035e-03 -8.127848633819005761e-04 1.267227394361736519e-04 7.228389068398689105e-05 -6.866498781003881969e-04
2.674808920883112862e+01 8.792480099229256843e-03 9.616145289251723906e-04 -7.533707147382808812e-04 1.341432881524439152e-04 6.873203908742699889e-05 -6.578765515092243037e-04
2.704552012016068829e+01 8.443937846823262872e-03 9.011387293186811894e-04 -7.008633025805719547e-04 1.420694465880399703e-04 6.414625171256868141e-05 -6.321172885733934450e-04
2.725630102227681917e+01 8.191557474252033830e-03 8.480479381938239468e-04 -6.632887681257925144e-04 1.483231416041218840e-04 6.012602630183773547e-05 -6.134573207650448204e-04
2.735123267193226937e+01 8.076731263946920064e-03 8.216492127296789582e-04 -6.463302646656573103e-04 1.512644306881915388e-04 5.812813366674230998e-05 -6.049653912061094506e-04
2.735123267193226937e+01 8.076731263946920064e-03 8.216492127296789582e-04 -6.463302646656573103e-04 1.512644306881915388e-04 5.812813366674230998e-05 -6.049653912061094506e-04
2.744616432158773023e+01 7.961321981566779615e-03 7.938403003036314382e-04 -6.293774757176814763e-04 1.542623243334278256e-04 5.602410242199618837e-05 -5.964289671107113680e-04
2.765694522370385044e+01 7.703499228361884894e-03 7.275700675650097681e-04 -5.918582063971420098e-04 1.610454144880915954e-04 5.101193148483609916e-05 -5.773536558847573805e-04
2.795437613503341012e+01 7.337812343401145174e-03 6.253398446948418886e-04 -5.395521547504862972e-04 1.706520296395392549e-04 4.328367739585070118e-05 -5.502855390935159968e-04
2.829825732537091909e+01 6.915901299290840715e-03 4.983602664459682542e-04 -4.806819977718075057e-04 1.813056650517124444e-04 3.368873333869884144e-05 -5.190367151022989454e-04
2.864213851570842095e+01 6.499009233791586820e-03 3.666059636303301440e-04 -4.242533206672812808e-04 1.909346424294858008e-04 2.373685976669416686e-05 -4.881380700555839952e-04
2.893956942703798063e+01 6.145261289484470202e-03 2.521607660717955428e-04 -3.778762903464464012e-04 1.980942009158944404e-04 1.509534185310442499e-05 -4.619011563110646452e-04
2.915035032915410085e+01 5.899509172875363160e-03 1.721956058968536181e-04 -3.465415810138785168e-04 2.023892251802451132e-04 9.059054333588876417e-06 -4.436634078452602876e-04
2.924528197880956171e+01 5.790338698223446851e-03 1.367241902375752459e-04 -3.328677230886834763e-04 2.040956402331649895e-04 6.381941289221990396e-06 -4.355586645964736178e-04
2.924528197880956171e+01 5.790338698223446851e-03 1.367241902375752459e-04 -3.328677230886834763e-04 2.040956402331649895e-04 6.381941289221990396e-06 -4.355586645964736178e-04
2.934021362846501901e+01 5.682167403065542868e-03 1.016760067670800674e-04 -3.194738056177041344e-04 2.056553005574629598e-04 3.737099976881900309e-06 -4.275262135112474320e-04
2.955099453058113923e+01 5.445745419658832090e-03 2.564294493467754875e-05 -2.907556242747997319e-04 2.085804697860804647e-04 -1.999330281915327212e-06 -4.099634751988774314e-04
2.984842544191069891e+01 5.121466891024579506e-03 -7.662389879316600680e-05 -2.526732021787768921e-04 2.114195420086930710e-04 -9.711748776328644152e-06 -3.858581187532900700e-04
3.019230663224820077e+01 4.760936858224924621e-03 -1.861549718641005693e-04 -2.122425729077074587e-04 2.128135445432513214e-04 -1.796640335451682365e-05 -3.590340803190752756e-04
3.053618782258570974e+01 4.416384564479574823e-03 -2.851109127314806592e-04 -1.756417152935065896e-04 2.122325216300669914e-04 -2.541674740216497057e-05 -3.333727950486065051e-04
3.083361873391526942e+01 4.131405345221639790e-03 -3.615209633349396995e-04 -1.469987805688286939e-04 2.102174992181291664e-04 -3.116232768281215640e-05 -3.121271138538534167e-04
3.104439963603138963e+01 3.936733723001240026e-03 -4.103300983769018768e-04 -1.283399668953004436e-04 2.079921835611089366e-04 -3.482751727116572405e-05 -2.976019799003672681e-04
3.113933128568685049e+01 3.851012108383077264e-03 -4.308467868355840753e-04 -1.203686032053590584e-04 2.067853218971781764e-04 -3.636659735936626078e-05 -2.912026994659397123e-04
3.113933128568685049e+01 3.851012108383077264e-03 -4.308467868355840753e-04 -1.203686032053590584e-04 2.067853218971781764e-04 -3.636659735936626078e-05 -2.912026994659397123e-04
3.123426293534231135e+01 3.766493567636234555e-03 -4.504493672803551734e-04 -1.126602934181507337e-04 2.054563875304951540e-04 -3.783603420916270554e-05 -2.848911826013934855e-04
3.144504383745843867e+01 3.583087654428107182e-03 -4.907041776086839549e-04 -9.646550246926516227e-05 2.020878652315257948e-04 -4.084948459570421651e-05 -2.711878684958479290e-04
3.174247474878799125e+01 3.334074481047343691e-03 -5.398711561690696823e-04 -7.569820190990972331e-05 1.964219538630244640e-04 -4.451933993717646269e-05 -2.525657773248745578e-04
3.208635593912549666e+01 3.060010386601513550e-03 -5.857360129100645145e-04 -5.457309869841258922e-05 1.886815909289720199e-04 -4.792397176993330255e-05 -2.320459442297727987e-04
3.243023712946300208e+01 2.800186088223713139e-03 -6.201349054865941748e-04 -3.634637407311154419e-05 1.798420139128761852e-04 -5.045196897988894346e-05 -2.125664967442281053e-04
3.272766804079255820e+01 2.586441917499683520e-03 -6.409606889605443114e-04 -2.276293494569130448e-05 1.714502109002911479e-04 -5.195491079567808530e-05 -1.965212133708870508e-04
3.293844894290869263e+01 2.440895432202852718e-03 -6.508853557399320051e-04 -1.428775861239036956e-05 1.651505091695374544e-04 -5.264925284391325672e-05 -1.855839517498435024e-04
3.303338059256414283e+01 2.376905521033598114e-03 -6.540826563822830023e-04 -1.076874421988100608e-05 1.622301167670133729e-04 -5.286425206677769576e-05 -1.807722730548807317e-04
3.303338059256414283e+01 2.376905521033598114e-03 -6.540826563822830023e-04 -1.076874421988100608e-05 1.622301167670133729e-04 -5.286425206677769576e-05 -1.807722730548807317e-04
3.312831224221960014e+01 2.313867614919816722e-03 -6.565055948327492901e-04 -7.429265298738731602e-06 1.592631163670963344e-04 -5.301973962265817835e-05 -1.760302772774775424e-04
3.333909314433572746e+01 2.177244731656646348e-03 -6.591759105373780434e-04 -6.368611172140033789e-07 1.525263393540826997e-04 -5.315656688861947882e-05 -1.657461926129023344e-04
3.363652405566527648e+01 1.992098278230775097e-03 -6.568038293989469489e-04 7.554997095163246785e-06 1.427314777173837711e-04 -5.287669816382369633e-05 -1.517942294909134591e-04
3.398040524600278900e+01 1.788812710417494664e-03 -6.455678630056930524e-04 1.512822866114091828e-05 1.311078490970602037e-04 -5.189756222349433095e-05 -1.364536479251933184e-04
3.432428643634028731e+01 1.596697331375072568e-03 -6.258358078563741773e-04 2.082681165944698972e-05 1.193099048510937166e-04 -5.026097408909125161e-05 -1.219334934287172507e-04
3.462171734766985054e+01 1.439303775400080582e-03 -6.024501161665703208e-04 2.437013367387548510e-05 1.090794330701238196e-04 -4.835511666503736553e-05 -1.100200940318190815e-04
3.483249824978597786e+01 1.332610786713421969e-03 -5.826107580767197862e-04 2.616389160348957620e-05 1.018688785693378808e-04 -4.675036505783066262e-05 -1.019347541144126291e-04
3.492742989944144227e+01 1.285862425355371397e-03 -5.728490164291992048e-04 2.678913738264221631e-05 9.864228821228953280e-05 -4.596319741222236580e-05 -9.838955735807842801e-05
3.492742989944144227e+01 1.285862425355371397e-03 -5.728490164291992048e-04 2.678913738264221631e-05 9.864228821228953280e-05 -4.596319741222236580e-05 -9.838955735807842801e-05
3.502236154909689247e+01 1.239922056648933664e-03 -5.625997352338721553e-04 2.730584041416129774e-05 9.543283844231890023e-05 -4.513797959451678238e-05 -9.490408146096592759e-05
3.523314245121301980e+01 1.140806427677546874e-03 -5.381976454006108003e-04 2.808274851526098312e-05 8.838274362131748546e-05 -4.317714418133319692e-05 -8.737881967375469520e-05
3.553057336254258303e+01 1.007740654620590398e-03 -5.002772860498918162e-04 2.837428829494256181e-05 7.866394862802299247e-05 -4.013717100278642655e-05 -7.726378950756930162e-05
3.587445455288008134e+01 8.639202811547435929e-04 -4.522009348065636329e-04 2.767468244711199457e-05 6.786584555520667789e-05 -3.628981986862206681e-05 -6.631455942435429576e-05
3.621833574321758675e+01 7.310971121117870817e-04 -4.007952703890023806e-04 2.604459669271263838e-05 5.766241314826167327e-05 -3.217975863183244128e-05 -5.618589995478697391e-05
3.651576665454714288e+01 6.253670512881546496e-04 -3.547712494759893819e-04 2.404147083746684994e-05 4.941235642877389979e-05 -2.850074365957336233e-05 -4.811081831152027585e-05
3.672654755666326309e+01 5.557494010774378847e-04 -3.218909301130785396e-04 2.237027929395909550e-05 4.393213288565214048e-05 -2.587198296188320139e-05 -4.278727195003427134e-05
3.682147920631872040e+01 5.258703191427200685e-04 -3.071375533106112743e-04 2.156577054484473847e-05 4.157091398411929471e-05 -2.469221875609968768e-05 -4.050077631945179254e-05
3.682147920631872040e+01 5.258703191427200685e-04 -3.071375533106112743e-04 2.156577054484473847e-05 4.157091398411929471e-05 -2.469221875609968768e-05 -4.050077631945179254e-05
3.691641085597417771e+01 4.969234315372292625e-04 -2.924732140384857368e-04 2.073597374992805560e-05 3.927908163620818420e-05 -2.351938009171680117e-05 -3.828460521822443519e-05
3.712719175809031213e+01 4.360418296393175539e-04 -2.604321840934503934e-04 1.882810816760383441e-05 3.444819469548235125e-05 -2.095594915700469329e-05 -3.362011834752821562e-05
3.742462266941986115e+01 3.582833342393448991e-04 -2.171501015684107114e-04 1.607047080178748228e-05 2.826613163376707490e-05 -1.749093059886398032e-05 -2.765541373671853234e-05
3.776850385975736657e+01 2.806204851057359428e-04 -1.713464626966009049e-04 1.296158476598479716e-05 2.209208356614527345e-05 -1.382042258930044126e-05 -2.168910648422117874e-05
3.811238505009487199e+01 2.162970108512099650e-04 -1.316033167384258724e-04 1.012940709215578445e-05 1.699004421263315950e-05 -1.063172093143238407e-05 -1.673986042942509359e-05
3.840981596142442811e+01 1.712254656741355656e-04 -1.029174108996880853e-04 8.016984311994925760e-06 1.342653616574009833e-05 -8.327364475374216698e-06 -1.326712849351448561e-05
3.862059686354056254e+01 1.448459837502105783e-04 -8.588071777400395432e-05 6.737537002614810867e-06 1.134668584767318551e-05 -6.957414617899933180e-06 -1.123251623970964311e-05
3.871552851319601274e+01 1.343425991188678206e-04 -7.906309369572656369e-05 6.220564776639725357e-06 1.051991044666833510e-05 -6.408850843592309221e-06 -1.042192320490524106e-05
3.871552851319601274e+01 1.343425991188678206e-04 -7.906309369572656369e-05 6.220564776639725357e-06 1.051991044666833510e-05 -6.408850843592309221e-06 -1.042192320490524106e-05
3.881046016285147005e+01 1.246202929580811434e-04 -7.274363837088831410e-05 5.738878699392340725e-06 9.755337739863712091e-06 -5.900164352731138648e-06 -9.671339690149252107e-06
3.902124106496759737e+01 1.054921019937672043e-04 -6.032264396522880060e-05 4.785202596625466110e-06 8.253138998269083762e-06 -4.899625554713358244e-06 -8.193736216466190926e-06
3.931867197629715349e+01 8.286860859129158608e-05 -4.581617759218937732e-05 3.659707418000984567e-06 6.479844418735791441e-06 -3.729346771033223980e-06 -6.444168024446916723e-06
3.966255316663465891e+01 6.005938778764011583e-05 -3.179917130801260733e-05 2.559278847569402471e-06 4.694898736555132907e-06 -2.595301331543764887e-06 -4.676859229283002470e-06
4.000643435697215722e+01 3.817445704938080198e-05 -1.930824045266037552e-05 1.565977809035510365e-06 2.983768335674285380e-06 -1.580320700704147439e-06 -2.976768719830993695e-06
4.030386526830172045e+01 1.932347159596862720e-05 -9.380297891132129384e-06 7.661048958380611012e-07 1.510342278405435300e-06 -7.697363335885607325e-07 -1.508611413290761898e-06
4.051464617041784777e+01 5.992929394211300358e-06 -2.823185475844840257e-06 2.317650638757455655e-07 4.684373993567633084e-07 -2.321115396331355580e-07 -4.682751110473783727e-07
