-2.000000000000000000e+01 nan nan nan nan nan nan
-1.990506835034453914e+01 -9.032416963602443640e-04 0.000000000000000000e+00 1.859331964749983345e-06 0.000000000000000000e+00 1.859331964749983345e-06 0.000000000000000000e+00
-1.969428744822841892e+01 -9.028524063670382129e-04 0.000000000000000000e+00 1.834457549458914013e-06 0.000000000000000000e+00 1.834457549458915072e-06 0.000000000000000000e+00
-1.939685653689885925e+01 -9.023120001765945822e-04 0.000000000000000000e+00 1.799371931750030537e-06 0.000000000000000000e+00 1.799371931750031173e-06 0.000000000000000000e+00
-1.905297534656135028e+01 -9.017002018416685584e-04 0.000000000000000000e+00 1.758827745770187742e-06 0.000000000000000000e+00 1.758827745770189013e-06 0.000000000000000000e+00
-1.870909415622384842e+01 -9.011023420964786200e-04 0.000000000000000000e+00 1.718305565439667795e-06 0.000000000000000000e+00 1.718305565439668007e-06 0.000000000000000000e+00
-1.841166324489428874e+01 -9.005964749708089212e-04 0.000000000000000000e+00 1.683274468028943505e-06 0.000000000000000000e+00 1.683274468028943505e-06 0.000000000000000000e+00
-1.820088234277816142e+01 -9.002442883549603746e-04 0.000000000000000000e+00 1.658458607337715178e-06 0.000000000000000000e+00 1.658458607337715601e-06 0.000000000000000000e+00
-1.810595069312271121e+01 -9.000873785386036101e-04 0.000000000000000000e+00 1.647284622568009497e-06 0.000000000000000000e+00 1.647284622568009708e-06 0.000000000000000000e+00
-1.810595069312271121e+01 -9.000873785386036101e-04 0.000000000000000000e+00 1.647284622568009497e-06 0.000000000000000000e+00 1.647284622568009708e-06 0.000000000000000000e+00
-1.801101904346725036e+01 -8.999315294108599589e-04 0.000000000000000000e+00 1.636112241757893880e-06 0.000000000000000000e+00 1.636112241757893669e-06 0.000000000000000000e+00
-1.780023814135111948e+01 -8.995892821048402568e-04 0.000000000000000000e+00 1.611311410643915320e-06 0.000000000000000000e+00 1.611311410643915743e-06 0.000000000000000000e+00
-1.750280723002157046e+01 -8.991152311764965925e-04 0.000000000000000000e+00 1.576328417311147504e-06 0.000000000000000000e+00 1.576328417311147927e-06 0.000000000000000000e+00
-1.715892603968406149e+01 -8.985801131649469829e-04 0.000000000000000000e+00 1.535901070359077012e-06 0.000000000000000000e+00 1.535901070359077435e-06 0.000000000000000000e+00
-1.681504484934655963e+01 -8.980588939067980564e-04 0.000000000000000000e+00 1.495493727659776541e-06 0.000000000000000000e+00 1.495493727659776541e-06 0.000000000000000000e+00
-1.651761393801699995e+01 -8.976192833459566145e-04 0.000000000000000000e+00 1.460560296441203381e-06 0.000000000000000000e+00 1.460560296442411461e-06 0.000000000000000000e+00
-1.630683303590087974e+01 -8.973140334162032572e-04 0.000000000000000000e+00 1.435812695455915351e-06 0.000000000000000000e+00 1.435812695486097041e-06 0.000000000000000000e+00
-1.621190138624541888e+01 -8.971782582956449583e-04 0.000000000000000000e+00 1.424669191074496165e-06 0.000000000000000000e+00 1.424669191192790034e-06 0.000000000000000000e+00
-1.621190138624541888e+01 -8.971782582956449583e-04 0.000000000000000000e+00 1.424669191074496165e-06 0.000000000000000000e+00 1.424669191192790034e-06 0.000000000000000000e+00
-1.611696973658996157e+01 -8.970435409783778001e-04 0.000000000000000000e+00 1.413527125829496750e-06 0.000000000000000000e+00 1.413527126253696144e-06 0.000000000000000000e+00
-1.590618883447383958e+01 -8.967482033279015538e-04 0.000000000000000000e+00 1.388793007115364497e-06 0.000000000000000000e+00 1.388793012507433303e-06 0.000000000000000000e+00
-1.560875792314427990e+01 -8.963403226261749349e-04 0.000000000000000000e+00 1.353902639868925795e-06 0.000000000000000000e+00 1.353902749464336460e-06 0.000000000000000000e+00
-1.526487673280676916e+01 -8.958816779512784054e-04 0.000000000000000000e+00 1.313578671971577321e-06 0.000000000000000000e+00 1.313580516880930206e-06 0.000000000000000000e+00
-1.492099554246927084e+01 -8.954369253874773634e-04 0.000000000000000000e+00 1.273257907020133376e-06 0.000000000000000000e+00 1.273276040752422396e-06 0.000000000000000000e+00
-1.462356463113970939e+01 -8.950635475664437714e-04 0.000000000000000000e+00 1.238336143478073225e-06 0.000000000000000000e+00 1.238429924042422581e-06 0.000000000000000000e+00
-1.441278372902358029e+01 -8.948054416968214070e-04 0.000000000000000000e+00 1.213484991543273364e-06 0.000000000000000000e+00 1.213743543227559639e-06 0.000000000000000000e+00
-1.431785207936813009e+01 -8.946910180404449818e-04 0.000000000000000000e+00 1.202233365112310550e-06 0.000000000000000000e+00 1.202627546766983154e-06 0.000000000000000000e+00
-1.431785207936813009e+01 -8.946910180404449818e-04 0.000000000000000000e+00 1.202233365112310550e-06 0.000000000000000000e+00 1.202627546766983154e-06 0.000000000000000000e+00
-1.422292042971266923e+01 -8.945777684302091363e-04 0.000000000000000000e+00 1.190923816484221523e-06 0.000000000000000000e+00 1.191513026320353127e-06 0.000000000000000000e+00
-1.401213952759654013e+01 -8.943307406289848285e-04 0.000000000000000000e+00 1.165491767791421204e-06 0.000000000000000000e+00 1.166840610097465885e-06 0.000000000000000000e+00
-1.371470861626698934e+01 -8.939937772593568562e-04 0.000000000000000000e+00 1.128235668756226203e-06 0.000000000000000000e+00 1.132040844037667193e-06 0.000000000000000000e+00
-1.337082742592948037e+01 -8.936253299011149946e-04 0.000000000000000000e+00 1.081071431715282830e-06 0.000000000000000000e+00 1.091835421502590309e-06 0.000000000000000000e+00
-1.302694623559198028e+01 -8.932882767238968383e-04 0.000000000000000000e+00 1.025171167958881384e-06 0.000000000000000000e+00 1.051675127532293619e-06 0.000000000000000000e+00
-1.272951532426242061e+01 -8.930331000159151458e-04 0.000000000000000000e+00 9.642766777668377925e-07 0.000000000000000000e+00 1.016992974929819080e-06 0.000000000000000000e+00
-1.251873442214630039e+01 -8.928802385312358631e-04 0.000000000000000000e+00 9.103065455586707617e-07 0.000000000000000000e+00 9.924559422218361070e-07 0.000000000000000000e+00
-1.242380277249083953e+01 -8.928208014438895586e-04 0.000000000000000000e+00 8.821567627907191921e-07 0.000000000000000000e+00 9.814187286933470785e-07 0.000000000000000000e+00
-1.242380277249083953e+01 -8.928208014438895586e-04 0.000000000000000000e+00 8.821567627907191921e-07 0.000000000000000000e+00 9.814187286933470785e-07 0.000000000000000000e+00
-1.232887112283538045e+01 -8.927680868071026857e-04 0.000000000000000000e+00 8.511820731112036518e-07 0.000000000000000000e+00 9.703913047854336025e-07 0.000000000000000000e+00
-1.211809022071924957e+01 -8.926786269562417449e-04 0.000000000000000000e+00 7.705371891915546849e-07 0.000000000000000000e+00 9.459464381241211570e-07 0.000000000000000000e+00
-1.182065930938970055e+01 -8.926313395047998827e-04 0.000000000000000000e+00 6.217919139133519367e-07 0.000000000000000000e+00 9.115645070098333994e-07 0.000000000000000000e+00
-1.147677811905218981e+01 -8.927260684159445039e-04 0.000000000000000000e+00 3.817603473764543569e-07 0.000000000000000000e+00 8.720189478531231020e-07 0.000000000000000000e+00
-1.113289692871468084e+01 -8.930311552482576853e-04 0.000000000000000000e+00 4.373076046961929827e-08 0.000000000000000000e+00 8.327521297135429728e-07 0.000000000000000000e+00
-1.083546601738513004e+01 -8.935117601963020028e-04 0.000000000000000000e+00 -3.511636516141466763e-07 0.000000000000000000e+00 7.990641819454718167e-07 0.000000000000000000e+00
-1.062468511526899917e+01 -8.939998788453084070e-04 0.000000000000000000e+00 -7.014745628251653350e-07 0.000000000000000000e+00 7.753699686353078808e-07 0.000000000000000000e+00
-1.052975346561355074e+01 -8.942650745610059059e-04 0.000000000000000000e+00 -8.810265019037756925e-07 0.000000000000000000e+00 7.647520364873577069e-07 0.000000000000000000e+00
-1.052975346561355074e+01 -8.942650745610059059e-04 0.000000000000000000e+00 -8.810265019037756925e-07 0.000000000000000000e+00 7.647520364873577069e-07 0.000000000000000000e+00
-1.043482181595808989e+01 -8.945607915153865183e-04 0.000000000000000000e+00 -1.075278483577086810e-06 0.000000000000000000e+00 7.541693138517321591e-07 0.000000000000000000e+00
-1.022404091384196079e+01 -8.953353110379232063e-04 0.000000000000000000e+00 -1.563536991814841646e-06 0.000000000000000000e+00 7.308049434803400925e-07 0.000000000000000000e+00
-9.926610002512406439e+00 -8.967375367214751964e-04 0.000000000000000000e+00 -2.402428515500088530e-06 0.000000000000000000e+00 6.981717307650229921e-07 0.000000000000000000e+00
-9.582728812174899247e+00 -8.988817005625192660e-04 0.000000000000000000e+00 -3.626846378098817873e-06 0.000000000000000000e+00 6.609800224777451711e-07 0.000000000000000000e+00
-9.238847621837393831e+00 -9.016822479167581990e-04 0.000000000000000000e+00 -5.171940505765128521e-06 0.000000000000000000e+00 6.244194027150070635e-07 0.000000000000000000e+00
-8.941416710507837706e+00 -9.047167784518889578e-04 0.000000000000000000e+00 -6.808364731943338022e-06 0.000000000000000000e+00 5.933448529207083654e-07 0.000000000000000000e+00
-8.730635808391712160e+00 -9.072541270101398434e-04 0.000000000000000000e+00 -8.158040287940823842e-06 0.000000000000000000e+00 5.716468251114560733e-07 0.000000000000000000e+00
-8.635704158736254854e+00 -9.085104082670651887e-04 0.000000000000000000e+00 -8.821725987966162305e-06 0.000000000000000000e+00 5.619647945122448263e-07 0.000000000000000000e+00
-8.635704158736254854e+00 -9.085104082670651887e-04 0.000000000000000000e+00 -8.821725987966162305e-06 0.000000000000000000e+00 5.619647945122448263e-07 0.000000000000000000e+00
-8.540772509080797548e+00 -9.098409208396462640e-04 0.000000000000000000e+00 -9.521944322779188889e-06 0.000000000000000000e+00 5.523398385747429594e-07 0.000000000000000000e+00
-8.329991606964672002e+00 -9.130743741097256672e-04 0.000000000000000000e+00 -1.121420844354738187e-05 0.000000000000000000e+00 5.311762324750762814e-07 0.000000000000000000e+00
-8.032560695635115877e+00 -9.183434504432055889e-04 0.000000000000000000e+00 -1.395040921018936823e-05 0.000000000000000000e+00 5.018075465187541683e-07 0.000000000000000000e+00
-7.688679505297609573e+00 -9.255793571010367251e-04 0.000000000000000000e+00 -1.767864672790379370e-05 0.000000000000000000e+00 4.685898612816743624e-07 0.000000000000000000e+00
-7.344798314960103269e+00 -9.341974985005499759e-04 0.000000000000000000e+00 -2.209009753045632692e-05 0.000000000000000000e+00 4.361775192402979321e-07 0.000000000000000000e+00
-7.047367403630547145e+00 -9.429085983433261719e-04 0.000000000000000000e+00 -2.652766444518742025e-05 0.000000000000000000e+00 4.088025268265070219e-07 0.000000000000000000e+00
-6.836586501514421599e+00 -9.498671567407316859e-04 0.000000000000000000e+00 -3.006127738407478770e-05 0.000000000000000000e+00 3.897779258659585523e-07 0.000000000000000000e+00
-6.741654851858964292e+00 -9.532310792304165203e-04 0.000000000000000000e+00 -3.176665052444213507e-05 0.000000000000000000e+00 3.813125187872742896e-07 0.000000000000000000e+00
-6.741654851858964292e+00 -9.532310792304165203e-04 0.000000000000000000e+00 -3.176665052444213507e-05 0.000000000000000000e+00 3.813125187872742896e-07 0.000000000000000000e+00
-6.646723202203506986e+00 -9.567456121278215776e-04 0.000000000000000000e+00 -3.354665407916074753e-05 0.000000000000000000e+00 3.729116650502836081e-07 0.000000000000000000e+00
-6.435942300087381440e+00 -9.651181880694674952e-04 0.000000000000000000e+00 -3.778093741580304326e-05 0.000000000000000000e+00 3.544925610857509875e-07 0.000000000000000000e+00
-6.138511388757825316e+00 -9.783887620356576231e-04 0.000000000000000000e+00 -4.447776326775927300e-05 0.000000000000000000e+00 3.290630171951072056e-07 0.000000000000000000e+00
-5.794630198420319012e+00 -9.961491023150147433e-04 0.000000000000000000e+00 -5.341903983628640105e-05 0.000000000000000000e+00 3.005196231253313385e-07 0.000000000000000000e+00
-5.450749008082812708e+00 -1.016948089226370157e-03 0.000000000000000000e+00 -6.386693434836608054e-05 0.000000000000000000e+00 2.729641142969495002e-07 0.000000000000000000e+00
-5.153318096753256583e+00 -1.037836544635177115e-03 0.000000000000000000e+00 -7.434032950475153746e-05 0.000000000000000000e+00 2.500023340647677240e-07 0.000000000000000000e+00
-4.942537194637131037e+00 -1.054532275178558061e-03 0.000000000000000000e+00 -8.269993851977898447e-05 0.000000000000000000e+00 2.342642197574993275e-07 0.000000000000000000e+00
-4.847605544981673731e+00 -1.062623064930872697e-03 0.000000000000000000e+00 -8.674772928762741384e-05 0.000000000000000000e+00 2.273303202190448982e-07 0.000000000000000000e+00
-4.847605544981673731e+00 -1.062623064930872697e-03 0.000000000000000000e+00 -8.674772928762741384e-05 0.000000000000000000e+00 2.273303202190448982e-07 0.000000000000000000e+00
-4.752673895326216424e+00 -1.071095334387168769e-03 0.000000000000000000e+00 -9.098421496717231294e-05 0.000000000000000000e+00 2.204962512781501369e-07 0.000000000000000000e+00
-4.541892993210089990e+00 -1.091373475264438347e-03 0.000000000000000000e+00 -1.011156593680759372e-04 0.000000000000000000e+00 2.056933499433284534e-07 0.000000000000000000e+00
-4.244462081880534754e+00 -1.123822208608885606e-03 0.000000000000000000e+00 -1.173046220170772635e-04 0.000000000000000000e+00 1.857216477137110370e-07 0.000000000000000000e+00
-3.900580891543028006e+00 -1.167826300845669187e-03 0.000000000000000000e+00 -1.392157361776036740e-04 0.000000000000000000e+00 1.640440229676660132e-07 0.000000000000000000e+00
-3.556699701205522146e+00 -1.220034134575830997e-03 0.000000000000000000e+00 -1.651492157353364560e-04 0.000000000000000000e+00 1.439418700510846209e-07 0.000000000000000000e+00
-3.259268789875966021e+00 -1.272959969681380487e-03 0.000000000000000000e+00 -1.913691135752301569e-04 0.000000000000000000e+00 1.278520456421675768e-07 0.000000000000000000e+00
-3.048487887759840032e+00 -1.315473450067898911e-03 0.000000000000000000e+00 -2.123778058751862473e-04 0.000000000000000000e+00 1.171841052016344686e-07 0.000000000000000000e+00
-2.953556238104383169e+00 -1.336114470911508364e-03 0.000000000000000000e+00 -2.225604220062424071e-04 0.000000000000000000e+00 1.125786588693109546e-07 0.000000000000000000e+00
-2.953556238104383169e+00 -1.336114470911508364e-03 0.000000000000000000e+00 -2.225604220062424071e-04 0.000000000000000000e+00 1.125786588693109546e-07 0.000000000000000000e+00
-2.858624588448925863e+00 -1.361277222525566696e-03 0.000000000000000000e+00 -2.349579184365272909e-04 0.000000000000000000e+00 1.073955566346206902e-07 0.000000000000000000e+00
-2.647843686332798985e+00 -1.422162196719362623e-03 0.000000000000000000e+00 -2.648819548388052047e-04 0.000000000000000000e+00 9.649406585093440869e-08 0.000000000000000000e+00
-2.350412775003244192e+00 -1.521172768685078586e-03 0.000000000000000000e+00 -3.133131793304840158e-04 0.000000000000000000e+00 8.250854816731505602e-08 0.000000000000000000e+00
-2.006531584665737000e+00 -1.657820761369071475e-03 0.000000000000000000e+00 -3.796610249180958486e-04 0.000000000000000000e+00 6.830531659319493087e-08 0.000000000000000000e+00
-1.662650394328230030e+00 -1.822595242880456620e-03 0.000000000000000000e+00 -4.588674339009940289e-04 0.000000000000000000e+00 5.609344769674760213e-08 0.000000000000000000e+00
-1.365219482998673906e+00 -1.991803742469743996e-03 0.000000000000000000e+00 -5.392678292168511748e-04 0.000000000000000000e+00 4.702180506258470005e-08 0.000000000000000000e+00
-1.154438580882547916e+00 -2.128891665351906326e-03 0.000000000000000000e+00 -6.036990447515852174e-04 0.000000000000000000e+00 4.136675677996147456e-08 0.000000000000000000e+00
-1.059506931227091053e+00 -2.195742639286057778e-03 0.000000000000000000e+00 -6.348887270878345035e-04 0.000000000000000000e+00 3.901649357811220736e-08 0.000000000000000000e+00
-1.059506931227091053e+00 -2.195742639286057778e-03 0.000000000000000000e+00 -6.348887270878345035e-04 0.000000000000000000e+00 3.901649357811220736e-08 0.000000000000000000e+00
-9.645752815716339690e-01 -2.265966258121439054e-03 0.000000000000000000e+00 -6.674896643999220745e-04 0.000000000000000000e+00 3.678284745188835183e-08 0.000000000000000000e+00
-7.537943794555077570e-01 -2.434693212271548356e-03 0.000000000000000000e+00 -7.451441326993448865e-04 0.000000000000000000e+00 3.222026601861644622e-08 0.000000000000000000e+00
-4.563634681259524095e-01 -2.705606237279520841e-03 0.000000000000000000e+00 -8.678590263865473657e-04 0.000000000000000000e+00 2.664190336707276571e-08 0.000000000000000000e+00
-1.124822777884463970e-01 -3.072826657144606382e-03 0.000000000000000000e+00 -1.030441985227301431e-03 0.000000000000000000e+00 2.130179396653528164e-08 0.000000000000000000e+00
2.313989125490595877e-01 -3.506068647219195110e-03 0.000000000000000000e+00 -1.216975035994119925e-03 0.000000000000000000e+00 1.697850569715158268e-08 0.000000000000000000e+00
5.288298238786148797e-01 -3.940981950614660424e-03 0.000000000000000000e+00 -1.398848735084293844e-03 0.000000000000000000e+00 1.392933108725289680e-08 0.000000000000000000e+00
7.396107259947408696e-01 -4.286517579124511472e-03 0.000000000000000000e+00 -1.539758992895293556e-03 0.000000000000000000e+00 1.209843271419372199e-08 0.000000000000000000e+00
8.345423756501979540e-01 -4.452945002505080165e-03 0.000000000000000000e+00 -1.606554877957086210e-03 0.000000000000000000e+00 1.135311126384849143e-08 0.000000000000000000e+00
8.345423756501979540e-01 -4.452945002505080165e-03 0.000000000000000000e+00 -1.606554877957086210e-03 0.000000000000000000e+00 1.135311126384849143e-08 0.000000000000000000e+00
9.294740253056549273e-01 -4.626372443153113287e-03 0.000000000000000000e+00 -1.675445949791097783e-03 0.000000000000000000e+00 1.065314907822552161e-08 0.000000000000000000e+00
1.140254927421781916e+00 -5.037510932703529246e-03 0.000000000000000000e+00 -1.835970797614141104e-03 0.000000000000000000e+00 9.248229060714954095e-09 0.000000000000000000e+00
1.437685838751336931e+00 -5.682523539977771786e-03 0.000000000000000000e+00 -2.080407168551895360e-03 0.000000000000000000e+00 7.573897273235518324e-09 0.000000000000000000e+00
1.781567029088843901e+00 -6.530534415312363658e-03 0.000000000000000000e+00 -2.389328137690596796e-03 0.000000000000000000e+00 6.011237121038584824e-09 0.000000000000000000e+00
2.125448219426350871e+00 -7.497600502035627577e-03 0.000000000000000000e+00 -2.726359094597835021e-03 0.000000000000000000e+00 4.768686118530125781e-09 0.000000000000000000e+00
2.422879130755906996e+00 -8.437464454640428158e-03 0.000000000000000000e+00 -3.040206745321660450e-03 0.000000000000000000e+00 3.898970081390656639e-09 0.000000000000000000e+00
2.633660032872032986e+00 -9.165094112831869214e-03 0.000000000000000000e+00 -3.274912249888698324e-03 0.000000000000000000e+00 3.376448201942188752e-09 0.000000000000000000e+00
2.728591682527489848e+00 -9.510136206760343852e-03 0.000000000000000000e+00 -3.383887117882196979e-03 0.000000000000000000e+00 3.163049910992590227e-09 0.000000000000000000e+00
2.728591682527489848e+00 -9.510136206760343852e-03 0.000000000000000000e+00 -3.383887117882196979e-03 0.000000000000000000e+00 3.163049910992590227e-09 0.000000000000000000e+00
2.823523332182947154e+00 -9.866203393020018045e-03 0.000000000000000000e+00 -3.494862817999680200e-03 0.000000000000000000e+00 2.962000666263849953e-09 0.000000000000000000e+00
3.034304234299074032e+00 -1.069712174322162181e-02 0.000000000000000000e+00 -3.748308415122892333e-03 0.000000000000000000e+00 2.555654462668436240e-09 0.000000000000000000e+00
3.331735145628628825e+00 -1.196733637146194830e-02 0.000000000000000000e+00 -4.122035130792459784e-03 0.000000000000000000e+00 2.063396410586209729e-09 0.000000000000000000e+00
3.675616335966135129e+00 -1.358461423554378766e-02 0.000000000000000000e+00 -4.576660225592056944e-03 0.000000000000000000e+00 1.590243169618057974e-09 0.000000000000000000e+00
4.019497526303640988e+00 -1.536847561291892345e-02 0.000000000000000000e+00 -5.054202135186406167e-03 0.000000000000000000e+00 1.197587137408469482e-09 0.000000000000000000e+00
4.316928437633196225e+00 -1.705104778520992806e-02 0.000000000000000000e+00 -5.484676153136199862e-03 0.000000000000000000e+00 9.085440998672681295e-10 0.000000000000000000e+00
4.527709339749321771e+00 -1.832426385254603760e-02 0.000000000000000000e+00 -5.799017987002677565e-03 0.000000000000000000e+00 7.265110444897889068e-10 0.000000000000000000e+00
4.622640989404779077e+00 -1.892002159570104966e-02 0.000000000000000000e+00 -5.943006053257304626e-03 0.000000000000000000e+00 6.498032609097684082e-10 0.000000000000000000e+00
4.622640989404779077e+00 -1.892002159570104966e-02 0.000000000000000000e+00 -5.943006053257304626e-03 0.000000000000000000e+00 6.498032609097684082e-10 0.000000000000000000e+00
4.717572639060236384e+00 -1.952981269017029647e-02 0.000000000000000000e+00 -6.088453175252275112e-03 0.000000000000000000e+00 5.760451725926464442e-10 0.000000000000000000e+00
4.928353541176362818e+00 -2.093450248096125760e-02 0.000000000000000000e+00 -6.416468555242741366e-03 0.000000000000000000e+00 4.217747945212678667e-10 0.000000000000000000e+00
5.225784452505918942e+00 -2.303759474965200171e-02 0.000000000000000000e+00 -6.890727536009108763e-03 0.000000000000000000e+00 2.230972045062799511e-10 0.000000000000000000e+00
5.569665642843425246e+00 -2.564923972737520597e-02 0.000000000000000000e+00 -7.454677988773590613e-03 0.000000000000000000e+00 1.542841823656710546e-11 0.000000000000000000e+00
5.913546833180932438e+00 -2.845811753237385833e-02 0.000000000000000000e+00 -8.034183613005166022e-03 0.000000000000000000e+00 -1.743357368252933578e-10 0.000000000000000000e+00
6.210977744510487675e+00 -3.104957181833065127e-02 0.000000000000000000e+00 -8.547031488413878858e-03 0.000000000000000000e+00 -3.277166180332843322e-10 0.000000000000000000e+00
6.421758646626614109e+00 -3.297829428745400332e-02 0.000000000000000000e+00 -8.916569819268119548e-03 0.000000000000000000e+00 -4.318307791325067995e-10 0.000000000000000000e+00
6.516690296282071415e+00 -3.387216015415416004e-02 0.000000000000000000e+00 -9.084575970993250330e-03 0.000000000000000000e+00 -4.777170033358615799e-10 0.000000000000000000e+00
6.516690296282071415e+00 -3.387216015415416004e-02 0.000000000000000000e+00 -9.084575970993250330e-03 0.000000000000000000e+00 -4.777170033358615799e-10 0.000000000000000000e+00
6.611621945937527833e+00 -3.478176405164458418e-02 0.000000000000000000e+00 -9.253527722892687657e-03 0.000000000000000000e+00 -5.230658591745959623e-10 0.000000000000000000e+00
6.822402848053654267e+00 -3.685794133380279614e-02 0.000000000000000000e+00 -9.631930143952954076e-03 0.000000000000000000e+00 -6.221143718408170022e-10 0.000000000000000000e+00
7.119833759383210392e+00 -3.992115880008045153e-02 0.000000000000000000e+00 -1.017319154874105937e-02 0.000000000000000000e+00 -7.589105981968292964e-10 0.000000000000000000e+00
7.463714949720715808e+00 -4.365925483859982303e-02 0.000000000000000000e+00 -1.080890269066605430e-02 0.000000000000000000e+00 -9.142933263542652466e-10 0.000000000000000000e+00
7.807596140058222112e+00 -4.760981481687874550e-02 0.000000000000000000e+00 -1.145439871338655748e-02 0.000000000000000000e+00 -1.068288662859024745e-09 0.000000000000000000e+00
8.105027051387777348e+00 -5.119925431858423498e-02 0.000000000000000000e+00 -1.201995187082844328e-02 0.000000000000000000e+00 -1.201408669825300448e-09 0.000000000000000000e+00
8.315807953503902894e+00 -5.384032193517149234e-02 0.000000000000000000e+00 -1.242452143712441566e-02 0.000000000000000000e+00 -1.296124893972538960e-09 0.000000000000000000e+00
8.410739603159360200e+00 -5.505624968383173584e-02 0.000000000000000000e+00 -1.260770203125726255e-02 0.000000000000000000e+00 -1.338954832245308384e-09 0.000000000000000000e+00
8.410739603159360200e+00 -5.505624968383173584e-02 0.000000000000000000e+00 -1.260770203125726255e-02 0.000000000000000000e+00 -1.338954832245308384e-09 0.000000000000000000e+00
8.505671252814817507e+00 -5.628862450864206141e-02 0.000000000000000000e+00 -1.279146406924090533e-02 0.000000000000000000e+00 -1.381916916352490687e-09 0.000000000000000000e+00
8.716452154930943053e+00 -5.908379818039791870e-02 0.000000000000000000e+00 -1.320148464474712492e-02 0.000000000000000000e+00 -1.477863262200539017e-09 0.000000000000000000e+00
9.013883066260499177e+00 -6.316637737430097488e-02 0.000000000000000000e+00 -1.378451735679404183e-02 0.000000000000000000e+00 -1.614820339170101973e-09 0.000000000000000000e+00
9.357764256598006369e+00 -6.808869165775112420e-02 0.000000000000000000e+00 -1.446461988506633593e-02 0.000000000000000000e+00 -1.775926577147824951e-09 0.000000000000000000e+00
9.701645446935513561e+00 -7.322800121392587791e-02 0.000000000000000000e+00 -1.515061174726127675e-02 0.000000000000000000e+00 -1.940482011061246218e-09 0.000000000000000000e+00
9.999076358265069686e+00 -7.784812137325165804e-02 0.000000000000000000e+00 -1.574826927816720332e-02 0.000000000000000000e+00 -2.085916131915817814e-09 0.000000000000000000e+00
1.020985726038120056e+01 -8.122048840426512872e-02 0.000000000000000000e+00 -1.617405031600525206e-02 0.000000000000000000e+00 -2.190856903369549037e-09 0.000000000000000000e+00
1.030478891003665076e+01 -8.276592474694938195e-02 0.000000000000000000e+00 -1.636638527023771134e-02 0.000000000000000000e+00 -2.238650094106306237e-09 0.000000000000000000e+00
1.030478891003665076e+01 -8.276592474339659888e-02 0.000000000000000000e+00 2.459287557243441252e-02 0.000000000000000000e+00 -2.238650427851238269e-09 0.000000000000000000e+00
1.039972055969210984e+01 -8.047323381292374733e-02 0.000000000000000000e+00 2.374256496587253892e-02 0.000000000000000000e+00 -2.286780720538743290e-09 0.000000000000000000e+00
1.061050146180824072e+01 -7.566904848385251625e-02 0.000000000000000000e+00 2.197910770922317444e-02 0.000000000000000000e+00 -2.394877852010267722e-09 0.000000000000000000e+00
1.090793237313778974e+01 -6.950354057134663921e-02 0.000000000000000000e+00 1.975423586774953041e-02 0.000000000000000000e+00 -2.550383772872668895e-09 0.000000000000000000e+00
1.125181356347530048e+01 -6.316432008672893950e-02 0.000000000000000000e+00 1.751491584667852833e-02 0.000000000000000000e+00 -2.734656672032763680e-09 0.000000000000000000e+00
1.159569475381280057e+01 -5.755841095926721163e-02 0.000000000000000000e+00 1.557884373538791570e-02 0.000000000000000000e+00 -2.923884903752374516e-09 0.000000000000000000e+00
1.189312566514236025e+01 -5.322354688904579190e-02 0.000000000000000000e+00 1.411253354547230623e-02 0.000000000000000000e+00 -3.091645899843794082e-09 0.000000000000000000e+00
1.210390656725848046e+01 -5.040759689205213945e-02 0.000000000000000000e+00 1.317539014694182192e-02 0.000000000000000000e+00 -3.212869626738367801e-09 0.000000000000000000e+00
1.219883821691393955e+01 -4.920316341555326656e-02 0.000000000000000000e+00 1.277842983065139229e-02 0.000000000000000000e+00 -3.268105375972567503e-09 0.000000000000000000e+00
1.219883821691393955e+01 -4.920316341555326656e-02 0.000000000000000000e+00 1.277842983065139229e-02 0.000000000000000000e+00 -3.268105375972567503e-09 0.000000000000000000e+00
1.229376986656940041e+01 -4.803625683542465247e-02 0.000000000000000000e+00 1.239611829311484427e-02 0.000000000000000000e+00 -3.323740057540353013e-09 0.000000000000000000e+00
1.250455076868552062e+01 -4.557248112493805098e-02 0.000000000000000000e+00 1.159650530580068339e-02 0.000000000000000000e+00 -3.448701057775614614e-09 0.000000000000000000e+00
1.280198168001508030e+01 -4.237133520852690016e-02 0.000000000000000000e+00 1.057363791032410634e-02 0.000000000000000000e+00 -3.628413415673707484e-09 0.000000000000000000e+00
1.314586287035258927e+01 -3.902993822262901952e-02 0.000000000000000000e+00 9.526495084427037685e-03 0.000000000000000000e+00 -3.841156564069283155e-09 0.000000000000000000e+00
1.348974406069008936e+01 -3.602853124258641876e-02 0.000000000000000000e+00 8.605023901017640545e-03 0.000000000000000000e+00 -4.059251071249383139e-09 0.000000000000000000e+00
1.378717497201965081e+01 -3.367477068143152896e-02 0.000000000000000000e+00 7.895904731548537489e-03 0.000000000000000000e+00 -4.252214246856777626e-09 0.000000000000000000e+00
1.399795587413577991e+01 -3.212914025627622988e-02 0.000000000000000000e+00 7.437080730959400206e-03 0.000000000000000000e+00 -4.391394595872179618e-09 0.000000000000000000e+00
1.409288752379123011e+01 -3.146382651015378756e-02 0.000000000000000000e+00 7.241312679664850191e-03 0.000000000000000000e+00 -4.454737740656992469e-09 0.000000000000000000e+00
1.409288752379123011e+01 -3.146382651015378756e-02 0.000000000000000000e+00 7.241312679664850191e-03 0.000000000000000000e+00 -4.454737740656992469e-09 0.000000000000000000e+00
1.418781917344668919e+01 -3.081674429334577830e-02 0.000000000000000000e+00 7.051934341129777357e-03 0.000000000000000000e+00 -4.518489976639925857e-09 0.000000000000000000e+00
1.439860007556282007e+01 -2.944215537067375668e-02 0.000000000000000000e+00 6.653077086238766424e-03 0.000000000000000000e+00 -4.661503348758980425e-09 0.000000000000000000e+00
1.469603098689237086e+01 -2.763835386999495200e-02 0.000000000000000000e+00 6.137026324918466551e-03 0.000000000000000000e+00 -4.866731156803011456e-09 0.000000000000000000e+00
1.503991217722987983e+01 -2.573248133611088367e-02 0.000000000000000000e+00 5.601298888828145847e-03 0.000000000000000000e+00 -5.108988883913535954e-09 0.000000000000000000e+00
1.538379336756739058e+01 -2.399881399805751936e-02 0.000000000000000000e+00 5.122970343984204963e-03 0.000000000000000000e+00 -5.356562288485366976e-09 0.000000000000000000e+00
1.568122427889693959e+01 -2.262370363330277676e-02 0.000000000000000000e+00 4.750007933180783182e-03 0.000000000000000000e+00 -5.574957705442061823e-09 0.000000000000000000e+00
1.589200518101307047e+01 -2.171278829008732245e-02 0.000000000000000000e+00 4.506232297727954042e-03 0.000000000000000000e+00 -5.732109364978692172e-09 0.000000000000000000e+00
1.598693683066852955e+01 -2.131866131625187802e-02 0.000000000000000000e+00 4.401596082149073809e-03 0.000000000000000000e+00 -5.803529717701128293e-09 0.000000000000000000e+00
1.598693683066852955e+01 -2.131866131625187802e-02 0.000000000000000000e+00 4.401596082149073809e-03 0.000000000000000000e+00 -5.803529717701128293e-09 0.000000000000000000e+00
1.608186848032397975e+01 -2.093413035982157402e-02 0.000000000000000000e+00 4.300006084015426007e-03 0.000000000000000000e+00 -5.875347740917549108e-09 0.000000000000000000e+00
1.629264938244011063e+01 -2.011322036556754955e-02 0.000000000000000000e+00 4.084810488883728989e-03 0.000000000000000000e+00 -6.036225619467696743e-09 0.000000000000000000e+00
1.659008029376967031e+01 -1.902725337307279926e-02 0.000000000000000000e+00 3.803761880567840554e-03 0.000000000000000000e+00 -6.266546402719643426e-09 0.000000000000000000e+00
1.693396148410716862e+01 -1.786841598573750065e-02 0.000000000000000000e+00 3.508612575138013532e-03 0.000000000000000000e+00 -6.537625775164471415e-09 0.000000000000000000e+00
1.727784267444468114e+01 -1.680339067547015341e-02 0.000000000000000000e+00 3.241903505991443595e-03 0.000000000000000000e+00 -6.813792847039506504e-09 0.000000000000000000e+00
1.757527358577423016e+01 -1.595075455904548800e-02 0.000000000000000000e+00 3.031673309240448273e-03 0.000000000000000000e+00 -7.056718471603808099e-09 0.000000000000000000e+00
1.778605448789036103e+01 -1.538188585693508852e-02 0.000000000000000000e+00 2.893104837830774885e-03 0.000000000000000000e+00 -7.231133518856347110e-09 0.000000000000000000e+00
1.788098613754581834e+01 -1.513471140591246891e-02 0.000000000000000000e+00 2.833331329080858614e-03 0.000000000000000000e+00 -7.310295000239421983e-09 0.000000000000000000e+00
1.788098613754581834e+01 -1.513471140591246891e-02 0.000000000000000000e+00 2.833331329080858614e-03 0.000000000000000000e+00 -7.310295000239421983e-09 0.000000000000000000e+00
1.797591778720127920e+01 -1.489293348971643463e-02 0.000000000000000000e+00 2.775122360659031378e-03 0.000000000000000000e+00 -7.389832541204241849e-09 0.000000000000000000e+00
1.818669868931739941e+01 -1.437467246625175749e-02 0.000000000000000000e+00 2.651229353247480484e-03 0.000000000000000000e+00 -7.567771394259484265e-09 0.000000000000000000e+00
1.848412960064695909e+01 -1.368450638190522872e-02 0.000000000000000000e+00 2.488155708744179372e-03 0.000000000000000000e+00 -7.821975602084630133e-09 0.000000000000000000e+00
1.882801079098446095e+01 -1.294199378016937414e-02 0.000000000000000000e+00 2.315247191229439280e-03 0.000000000000000000e+00 -8.120378351942393709e-09 0.000000000000000000e+00
1.917189198132196992e+01 -1.225377196392246106e-02 0.000000000000000000e+00 2.157427439942064505e-03 0.000000000000000000e+00 -8.423545401769622758e-09 0.000000000000000000e+00
1.946932289265151894e+01 -1.169854833101365010e-02 0.000000000000000000e+00 2.031893702608579717e-03 0.000000000000000000e+00 -8.689554087729590084e-09 0.000000000000000000e+00
1.968010379476764982e+01 -1.132590634525597502e-02 0.000000000000000000e+00 1.948568186481306006e-03 0.000000000000000000e+00 -8.880171923176572722e-09 0.000000000000000000e+00
1.977503544442310002e+01 -1.116342461984441356e-02 0.000000000000000000e+00 1.912475047079966730e-03 0.000000000000000000e+00 -8.966587984611376248e-09 0.000000000000000000e+00
1.977503544442310002e+01 -1.116342461984441356e-02 0.000000000000000000e+00 1.912475047079966730e-03 0.000000000000000000e+00 -8.966587984611376248e-09 0.000000000000000000e+00
1.986996709407856088e+01 -1.100415007642422706e-02 0.000000000000000000e+00 1.877237479674253792e-03 0.000000000000000000e+00 -9.053353222093962889e-09 0.000000000000000000e+00
2.008074799619469175e+01 -1.066158042947217693e-02 0.000000000000000000e+00 1.801935891509884313e-03 0.000000000000000000e+00 -9.247242994719465636e-09 0.000000000000000000e+00
2.037817890752424077e+01 -1.020285171557940712e-02 0.000000000000000000e+00 1.702168565449010962e-03 0.000000000000000000e+00 -9.523724589541816226e-09 0.000000000000000000e+00
2.072206009786174974e+01 -9.705958753976423603e-03 0.000000000000000000e+00 1.595525944296232769e-03 0.000000000000000000e+00 -9.847541074255198744e-09 0.000000000000000000e+00
2.106594128819925871e+01 -9.242117860301934940e-03 0.000000000000000000e+00 1.497364753584932463e-03 0.000000000000000000e+00 -1.017574749121781534e-08 0.000000000000000000e+00
2.136337219952881128e+01 -8.865499413584070412e-03 0.000000000000000000e+00 1.418684625812584831e-03 0.000000000000000000e+00 -1.046310642470675493e-08 0.000000000000000000e+00
2.157415310164493860e+01 -8.611469162349328493e-03 0.000000000000000000e+00 1.366148478283107752e-03 0.000000000000000000e+00 -1.066868003924481159e-08 0.000000000000000000e+00
2.166908475130039946e+01 -8.500379050403237755e-03 0.000000000000000000e+00 1.343311995448348345e-03 0.000000000000000000e+00 -1.076178421738313246e-08 0.000000000000000000e+00
2.166908475130039946e+01 -8.500379050403237755e-03 0.000000000000000000e+00 1.343311995448348345e-03 0.000000000000000000e+00 -1.076178421738313246e-08 0.000000000000000000e+00
2.176401640095584966e+01 -8.391285762761034953e-03 0.000000000000000000e+00 1.320968968122717465e-03 0.000000000000000000e+00 -1.085520780887722490e-08 0.000000000000000000e+00
2.197479730307198054e+01 -8.155976925687225335e-03 0.000000000000000000e+00 1.273060041164554741e-03 0.000000000000000000e+00 -1.106377449143002497e-08 0.000000000000000000e+00
2.227222821440154021e+01 -7.839407475690569893e-03 0.000000000000000000e+00 1.209231263039859923e-03 0.000000000000000000e+00 -1.136071397316966042e-08 0.000000000000000000e+00
2.261610940473903852e+01 -7.494525310251214621e-03 0.000000000000000000e+00 1.140533756773030091e-03 0.000000000000000000e+00 -1.170781148538849718e-08 0.000000000000000000e+00
2.295999059507655105e+01 -7.170647196632897076e-03 0.000000000000000000e+00 1.076844298167642681e-03 0.000000000000000000e+00 -1.205889645323437536e-08 0.000000000000000000e+00
2.325742150640610006e+01 -6.906236510566140206e-03 0.000000000000000000e+00 1.025460394018885184e-03 0.000000000000000000e+00 -1.236571626044610932e-08 0.000000000000000000e+00
2.346820240852223094e+01 -6.727136992367717394e-03 0.000000000000000000e+00 9.909763752418935135e-04 0.000000000000000000e+00 -1.258489623004010771e-08 0.000000000000000000e+00
2.356313405817768825e+01 -6.648619119072883207e-03 0.000000000000000000e+00 9.759418164129419430e-04 0.000000000000000000e+00 -1.268407811042879178e-08 0.000000000000000000e+00
2.356313405817768825e+01 -6.648619119072878003e-03 0.000000000000000000e+00 9.759418164129410756e-04 0.000000000000000000e+00 -1.268407811042975792e-08 0.000000000000000000e+00
2.365806570783314910e+01 -6.556805787994071655e-03 0.000000000000000000e+00 9.584267610267041809e-04 0.000000000000000000e+00 -1.280255849945696299e-08 0.000000000000000000e+00
2.386884660994926932e+01 -6.358775743592931691e-03 0.000000000000000000e+00 9.208921061249844293e-04 0.000000000000000000e+00 -1.306776804169930340e-08 0.000000000000000000e+00
2.416627752127882900e+01 -6.092387600244437811e-03 0.000000000000000000e+00 8.709366963398526389e-04 0.000000000000000000e+00 -1.344702962211889304e-08 0.000000000000000000e+00
2.451015871161633086e+01 -5.802231042068168969e-03 0.000000000000000000e+00 8.172455086753549567e-04 0.000000000000000000e+00 -1.388582516660152556e-08 0.000000000000000000e+00
2.485403990195383983e+01 -5.529454212576676367e-03 0.000000000000000000e+00 7.674811284110687583e-04 0.000000000000000000e+00 -1.402728550766304800e-08 0.000000000000000000e+00
2.515147081328339951e+01 -5.304709735476838620e-03 0.000000000000000000e+00 7.270157108674195259e-04 0.000000000000000000e+00 -1.244343678439233393e-08 0.000000000000000000e+00
2.536225171539951972e+01 -5.149282616981132668e-03 0.000000000000000000e+00 6.993229659567907347e-04 0.000000000000000000e+00 -8.722537281237971566e-09 0.000000000000000000e+00
2.545718336505498058e+01 -5.079742459019052740e-03 0.000000000000000000e+00 6.870118633373160921e-04 0.000000000000000000e+00 -5.921016525310531481e-09 0.000000000000000000e+00
2.545718336505498058e+01 -5.079742459019052740e-03 0.000000000000000000e+00 6.870118633373160921e-04 0.000000000000000000e+00 -5.921016525310531481e-09 0.000000000000000000e+00
2.555211501471044144e+01 -5.010244751026711810e-03 0.000000000000000000e+00 6.747577810466608367e-04 0.000000000000000000e+00 -2.237083981177508393e-09 0.000000000000000000e+00
2.576289591682656877e+01 -4.855279609177854533e-03 0.000000000000000000e+00 6.476146406285364625e-04 0.000000000000000000e+00 9.714563928265416251e-09 0.000000000000000000e+00
2.606032682815612134e+01 -4.632695835373734639e-03 0.000000000000000000e+00 6.090748430616117629e-04 0.000000000000000000e+00 3.724969326774215562e-08 0.000000000000000000e+00
2.640420801849363031e+01 -4.366434620283111967e-03 0.000000000000000000e+00 5.636894215124327355e-04 0.000000000000000000e+00 8.702609800098257080e-08 0.000000000000000000e+00
2.674808920883112862e+01 -4.089361000468237119e-03 0.000000000000000000e+00 5.173269598291130268e-04 0.000000000000000000e+00 1.565887027548693084e-07 0.000000000000000000e+00
2.704552012016068829e+01 -3.842000342606810039e-03 0.000000000000000000e+00 4.767186789174431504e-04 0.000000000000000000e+00 2.312530848477403255e-07 0.000000000000000000e+00
2.725630102227681917e+01 -3.663522804411286065e-03 0.000000000000000000e+00 4.478978479741022294e-04 0.000000000000000000e+00 2.909312730848801499e-07 0.000000000000000000e+00
2.735123267193226937e+01 -3.582564561052406244e-03 0.000000000000000000e+00 4.349615175419230934e-04 0.000000000000000000e+00 3.193080474502289560e-07 0.000000000000000000e+00
2.735123267193226937e+01 -3.582564561052406244e-03 0.000000000000000000e+00 4.349615175419230934e-04 0.000000000000000000e+00 3.193080474502289560e-07 0.000000000000000000e+00
2.744616432158773023e+01 -3.501378808326282514e-03 0.000000000000000000e+00 4.220766881492203485e-04 0.000000000000000000e+00 3.484642455457553764e-07 0.000000000000000000e+00
2.765694522370385044e+01 -3.320787273885610763e-03 0.000000000000000000e+00 3.937386923930516697e-04 0.000000000000000000e+00 4.154229099386001348e-07 0.000000000000000000e+00
2.795437613503341012e+01 -3.066890684685799878e-03 0.000000000000000000e+00 3.546818997375956540e-04 0.000000000000000000e+00 5.131001946215535950e-07 0.000000000000000000e+00
2.829825732537091909e+01 -2.778100231814305959e-03 0.000000000000000000e+00 3.114368806976989092e-04 0.000000000000000000e+00 6.266349422387146110e-07 0.000000000000000000e+00
2.864213851570842095e+01 -2.498194721663004117e-03 0.000000000000000000e+00 2.708076738786117910e-04 0.000000000000000000e+00 7.362177743941955109e-07 0.000000000000000000e+00
2.893956942703798063e+01 -2.265815744125257956e-03 0.000000000000000000e+00 2.381131794005339269e-04 0.000000000000000000e+00 8.246430986059820540e-07 0.000000000000000000e+00
2.915035032915410085e+01 -2.107581317969469195e-03 0.000000000000000000e+00 2.164265681889435719e-04 0.000000000000000000e+00 8.824835113527300650e-07 0.000000000000000000e+00
2.924528197880956171e+01 -2.038213200572320128e-03 0.000000000000000000e+00 2.070742330771172207e-04 0.000000000000000000e+00 9.070306432876365529e-07 0.000000000000000000e+00
2.924528197880956171e+01 -2.038213200572320128e-03 0.000000000000000000e+00 2.070742330771172207e-04 0.000000000000000000e+00 9.070306432876365529e-07 0.000000000000000000e+00
2.934021362846501901e+01 -1.970074750675974984e-03 0.000000000000000000e+00 1.979827967354211304e-04 0.000000000000000000e+00 9.305767052733414734e-07 0.000000000000000000e+00
2.955099453058113923e+01 -1.823329806162437422e-03 0.000000000000000000e+00 1.787347986853336627e-04 0.000000000000000000e+00 9.790764821454801321e-07 0.000000000000000000e+00
2.984842544191069891e+01 -1.627326893503533000e-03 0.000000000000000000e+00 1.537716403101597952e-04 0.000000000000000000e+00 1.038085433994425842e-06 0.000000000000000000e+00
3.019230663224820077e+01 -1.417380203480829610e-03 0.000000000000000000e+00 1.280570500568405329e-04 0.000000000000000000e+00 1.091787406379315249e-06 0.000000000000000000e+00
3.053618782258570974e+01 -1.225529069101474050e-03 0.000000000000000000e+00 1.055789031797119663e-04 0.000000000000000000e+00 1.129497562822164477e-06 0.000000000000000000e+00
3.083361873391526942e+01 -1.074068776575142804e-03 0.000000000000000000e+00 8.859428026498768975e-05 0.000000000000000000e+00 1.149264823340270004e-06 0.000000000000000000e+00
3.104439963603138963e+01 -9.746995090706470598e-04 0.000000000000000000e+00 7.785086409039391803e-05 0.000000000000000000e+00 1.156222669019937680e-06 0.000000000000000000e+00
3.113933128568685049e+01 -9.320597217554591656e-04 0.000000000000000000e+00 7.334468174695735708e-05 0.000000000000000000e+00 1.157495488793006300e-06 0.000000000000000000e+00
3.113933128568685049e+01 -9.320597217554591656e-04 0.000000000000000000e+00 7.334468174695735708e-05 0.000000000000000000e+00 1.157495488793006300e-06 0.000000000000000000e+00
3.123426293534231135e+01 -8.907116481396790564e-04 0.000000000000000000e+00 6.903735073894240264e-05 0.000000000000000000e+00 1.157637475761490277e-06 0.000000000000000000e+00
3.144504383745843867e+01 -8.034384764591878192e-04 0.000000000000000000e+00 6.015688425013465305e-05 0.000000000000000000e+00 1.154010749739195501e-06 0.000000000000000000e+00
3.174247474878799125e+01 -6.905995104253322830e-04 0.000000000000000000e+00 4.913044733218980984e-05 0.000000000000000000e+00 1.140043542552287154e-06 0.000000000000000000e+00
3.208635593912549666e+01 -5.744589693158099310e-04 0.000000000000000000e+00 3.837631838375393128e-05 0.000000000000000000e+00 1.111897790028777654e-06 0.000000000000000000e+00
3.243023712946300208e+01 -4.727202084939002998e-04 0.000000000000000000e+00 2.951809667510540164e-05 0.000000000000000000e+00 1.072134980731724570e-06 0.000000000000000000e+00
3.272766804079255820e+01 -3.955393184796868861e-04 0.000000000000000000e+00 2.319829825789928833e-05 0.000000000000000000e+00 1.029455796125272154e-06 0.000000000000000000e+00
3.293844894290869263e+01 -3.465235675971537962e-04 0.000000000000000000e+00 1.938723464207092604e-05 0.000000000000000000e+00 9.951064860610044045e-07 0.000000000000000000e+00
3.303338059256414283e+01 -3.259112189058266428e-04 0.000000000000000000e+00 1.783601570185307323e-05 0.000000000000000000e+00 9.786328646928977617e-07 0.000000000000000000e+00
3.303338059256414283e+01 -3.259112189058266428e-04 0.000000000000000000e+00 1.783601570185307323e-05 0.000000000000000000e+00 9.786328646928977617e-07 0.000000000000000000e+00
3.312831224221960014e+01 -3.061767119140823903e-04 0.000000000000000000e+00 1.638120747583770635e-05 0.000000000000000000e+00 9.615815773446865202e-07 0.000000000000000000e+00
3.333909314433572746e+01 -2.653876149321765347e-04 0.000000000000000000e+00 1.347442593569737224e-05 0.000000000000000000e+00 9.218211149298244319e-07 0.000000000000000000e+00
3.363652405566527648e+01 -2.145492248574420958e-04 0.000000000000000000e+00 1.005960874433944142e-05 0.000000000000000000e+00 8.618443692911124786e-07 0.000000000000000000e+00
3.398040524600278900e+01 -1.647929987953654287e-04 0.000000000000000000e+00 6.975678826580392093e-06 0.000000000000000000e+00 7.880798171383842968e-07 0.000000000000000000e+00
3.432428643634028731e+01 -1.237662558139373148e-04 0.000000000000000000e+00 4.662573743903899549e-06 0.000000000000000000e+00 7.111138507446406493e-07 0.000000000000000000e+00
3.462171734766985054e+01 -9.457966085169715353e-05 0.000000000000000000e+00 3.170675823866118772e-06 0.000000000000000000e+00 6.432139936583511498e-07 0.000000000000000000e+00
3.483249824978597786e+01 -7.708225288252819590e-05 0.000000000000000000e+00 2.349955839542381826e-06 0.000000000000000000e+00 5.949567631694269040e-07 0.000000000000000000e+00
3.492742989944144227e+01 -6.999920222376655959e-05 0.000000000000000000e+00 2.035816573028557224e-06 0.000000000000000000e+00 5.733011630364048030e-07 0.000000000000000000e+00
3.492742989944144227e+01 -6.999920222376655959e-05 0.000000000000000000e+00 2.035816573028557224e-06 0.000000000000000000e+00 5.733011630364048030e-07 0.000000000000000000e+00
3.502236154909689247e+01 -6.338471188499062803e-05 0.000000000000000000e+00 1.752850843612150145e-06 0.000000000000000000e+00 5.517417792044087277e-07 0.000000000000000000e+00
3.523314245121301980e+01 -5.027945657472231551e-05 0.000000000000000000e+00 1.225015059596019197e-06 0.000000000000000000e+00 5.043840027408286535e-07 0.000000000000000000e+00
3.553057336254258303e+01 -3.517010606062244654e-05 0.000000000000000000e+00 6.799956092353237597e-07 0.000000000000000000e+00 4.393363995199730144e-07 0.000000000000000000e+00
3.587445455288008134e+01 -2.198430726808096899e-05 0.000000000000000000e+00 2.758595729705618690e-07 0.000000000000000000e+00 3.678663304764376621e-07 0.000000000000000000e+00
3.621833574321758675e+01 -1.261504660427646689e-05 0.000000000000000000e+00 4.548888318179597194e-08 0.000000000000000000e+00 3.017006351628351314e-07 0.000000000000000000e+00
3.651576665454714288e+01 -6.996865151893878301e-06 0.000000000000000000e+00 -5.850066427971179346e-08 0.000000000000000000e+00 2.496520089964710463e-07 0.000000000000000000e+00
3.672654755666326309e+01 -4.142245779834516406e-06 0.000000000000000000e+00 -9.602904161835376717e-08 0.000000000000000000e+00 2.160261015222420554e-07 0.000000000000000000e+00
3.682147920631872040e+01 -3.113664703571355814e-06 0.000000000000000000e+00 -1.058228131786145562e-07 0.000000000000000000e+00 2.018158213376824143e-07 0.000000000000000000e+00
3.682147920631872040e+01 -3.113664703571355814e-06 0.000000000000000000e+00 -1.058228131786145562e-07 0.000000000000000000e+00 2.018158213376824143e-07 0.000000000000000000e+00
3.691641085597417771e+01 -2.226035104960163747e-06 0.000000000000000000e+00 -1.121321181594019052e-07 0.000000000000000000e+00 1.882012319663301757e-07 0.000000000000000000e+00
3.712719175809031213e+01 -6.962894000107814495e-07 0.000000000000000000e+00 -1.164889200741163021e-07 0.000000000000000000e+00 1.601383878796021601e-07 0.000000000000000000e+00
3.742462266941986115e+01 6.315433214357597317e-07 0.000000000000000000e+00 -1.079999148921318202e-07 0.000000000000000000e+00 1.256692645976398620e-07 0.000000000000000000e+00
3.776850385975736657e+01 1.320909423073348301e-06 0.000000000000000000e+00 -8.869339712069455481e-08 0.000000000000000000e+00 9.317183387246614231e-08 0.000000000000000000e+00
3.811238505009487199e+01 1.467525353820741988e-06 0.000000000000000000e+00 -6.805442997225995541e-08 0.000000000000000000e+00 6.805040985173353532e-08 0.000000000000000000e+00
3.840981596142442811e+01 1.371768749177282695e-06 0.000000000000000000e+00 -5.257239281306163384e-08 0.000000000000000000e+00 5.158485852269785379e-08 0.000000000000000000e+00
3.862059686354056254e+01 1.249460383994652823e-06 0.000000000000000000e+00 -4.349404955825087909e-08 0.000000000000000000e+00 4.243313982796398717e-08 0.000000000000000000e+00
3.871552851319601274e+01 1.188466000880398048e-06 0.000000000000000000e+00 -3.991832206260678320e-08 0.000000000000000000e+00 3.889585380594411598e-08 0.000000000000000000e+00
3.871552851319601274e+01 1.188466000880398048e-06 0.000000000000000000e+00 -3.991832206260678320e-08 0.000000000000000000e+00 3.889585380594411598e-08 0.000000000000000000e+00
3.881046016285147005e+01 1.126188839130684450e-06 0.000000000000000000e+00 -3.663991261556587596e-08 0.000000000000000000e+00 3.567798533234686530e-08 0.000000000000000000e+00
3.902124106496759737e+01 9.884742767374046588e-07 0.000000000000000000e+00 -3.030509283522024092e-08 0.000000000000000000e+00 2.951165279233285463e-08 0.000000000000000000e+00
3.931867197629715349e+01 8.027748873914695385e-07 0.000000000000000000e+00 -2.307206977394253567e-08 0.000000000000000000e+00 2.251955994710353147e-08 0.000000000000000000e+00
3.966255316663465891e+01 5.962925546803693695e-07 0.000000000000000000e+00 -1.614854837892802341e-08 0.000000000000000000e+00 1.583241170600823925e-08 0.000000000000000000e+00
4.000643435697215722e+01 3.857907735653166849e-07 0.000000000000000000e+00 -9.909042737175617589e-09 0.000000000000000000e+00 9.773590664207101392e-09 0.000000000000000000e+00
4.030386526830172045e+01 1.976071443698771032e-07 0.000000000000000000e+00 -4.861673698961828945e-09 0.000000000000000000e+00 4.825647854604081412e-09 0.000000000000000000e+00
4.051464617041784777e+01 6.169525717693230853e-08 0.000000000000000000e+00 -1.474266948337639708e-09 0.000000000000000000e+00 1.470730779342859502e-09 0.000000000000000000e+00
